   0.0000000e+00   7.4900000e+02   7.4900000e+02   9.4780133e-01
   1.0000000e-01   7.8800000e+02   7.8800000e+02   9.9715280e-01
   2.0000000e-01   8.1800000e+02   8.1800000e+02   1.0351155e+00
   3.0000000e-01   7.7500000e+02   7.7500000e+02   9.8070231e-01
   4.0000000e-01   7.8000000e+02   7.8000000e+02   9.8702942e-01
   5.0000000e-01   7.6700000e+02   7.6700000e+02   9.7057893e-01
   6.0000000e-01   7.9100000e+02   7.9100000e+02   1.0009491e+00
   7.0000000e-01   8.0500000e+02   8.0500000e+02   1.0186650e+00
   8.0000000e-01   7.9900000e+02   7.9900000e+02   1.0110724e+00
   9.0000000e-01   7.7800000e+02   7.7800000e+02   9.8449858e-01
   1.0000000e+00   8.1500000e+02   8.1500000e+02   1.0313192e+00
   1.1000000e+00   7.8300000e+02   7.8300000e+02   9.9082569e-01
   1.2000000e+00   8.3500000e+02   8.3500000e+02   1.0566276e+00
   1.3000000e+00   7.6200000e+02   7.6200000e+02   9.6425182e-01
   1.4000000e+00   7.4200000e+02   7.4200000e+02   9.3894337e-01
   1.5000000e+00   7.9900000e+02   7.9900000e+02   1.0110724e+00
   1.6000000e+00   8.6000000e+02   8.6000000e+02   1.0882632e+00
   1.7000000e+00   7.8700000e+02   7.8700000e+02   9.9588738e-01
   1.8000000e+00   7.5900000e+02   7.5900000e+02   9.6045555e-01
   1.9000000e+00   7.8400000e+02   7.8400000e+02   9.9209111e-01
   2.0000000e+00   7.5800000e+02   7.5800000e+02   9.5919013e-01
   2.1000000e+00   8.0200000e+02   8.0200000e+02   1.0148687e+00
   2.2000000e+00   8.4800000e+02   8.4800000e+02   1.0730781e+00
   2.3000000e+00   7.6300000e+02   7.6300000e+02   9.6551724e-01
   2.4000000e+00   8.1600000e+02   8.1600000e+02   1.0325846e+00
   2.5000000e+00   6.9400000e+02   6.9400000e+02   8.7820310e-01
   2.6000000e+00   7.0800000e+02   7.0800000e+02   8.9591901e-01
   2.7000000e+00   7.3500000e+02   7.3500000e+02   9.3008542e-01
   2.8000000e+00   7.1000000e+02   7.1000000e+02   8.9844986e-01
   2.9000000e+00   7.6900000e+02   7.6900000e+02   9.7310978e-01
   3.0000000e+00   6.9900000e+02   6.9900000e+02   8.8453021e-01
   3.1000000e+00   7.9300000e+02   7.9300000e+02   1.0034799e+00
   3.2000000e+00   7.6200000e+02   7.6200000e+02   9.6425182e-01
   3.3000000e+00   8.0800000e+02   8.0800000e+02   1.0224612e+00
   3.4000000e+00   7.2300000e+02   7.2300000e+02   9.1490035e-01
   3.5000000e+00   7.3100000e+02   7.3100000e+02   9.2502373e-01
   3.6000000e+00   6.1100000e+02   6.1100000e+02   7.7317305e-01
   3.7000000e+00   6.9400000e+02   6.9400000e+02   8.7820310e-01
   3.8000000e+00   8.4900000e+02   8.4900000e+02   1.0743436e+00
   3.9000000e+00   8.0600000e+02   8.0600000e+02   1.0199304e+00
   4.0000000e+00   8.0700000e+02   8.0700000e+02   1.0211958e+00
   4.1000000e+00   7.9100000e+02   7.9100000e+02   1.0009491e+00
   4.2000000e+00   7.5100000e+02   7.5100000e+02   9.5033217e-01
   4.3000000e+00   7.4200000e+02   7.4200000e+02   9.3894337e-01
   4.4000000e+00   7.6800000e+02   7.6800000e+02   9.7184435e-01
   4.5000000e+00   8.9400000e+02   8.9400000e+02   1.1312876e+00
   4.6000000e+00   7.2500000e+02   7.2500000e+02   9.1743119e-01
   4.7000000e+00   7.9600000e+02   7.9600000e+02   1.0072762e+00
   4.8000000e+00   7.6100000e+02   7.6100000e+02   9.6298640e-01
   4.9000000e+00   7.9100000e+02   7.9100000e+02   1.0009491e+00
   5.0000000e+00   7.7900000e+02   7.7900000e+02   9.8576400e-01
   5.1000000e+00   8.2200000e+02   8.2200000e+02   1.0401772e+00
   5.2000000e+00   8.5900000e+02   8.5900000e+02   1.0869978e+00
   5.3000000e+00   8.5500000e+02   8.5500000e+02   1.0819361e+00
   5.4000000e+00   8.2000000e+02   8.2000000e+02   1.0376463e+00
   5.5000000e+00   7.3400000e+02   7.3400000e+02   9.2881999e-01
   5.6000000e+00   7.0600000e+02   7.0600000e+02   8.9338817e-01
   5.7000000e+00   7.1400000e+02   7.1400000e+02   9.0351155e-01
   5.8000000e+00   8.1500000e+02   8.1500000e+02   1.0313192e+00
   5.9000000e+00   8.1300000e+02   8.1300000e+02   1.0287884e+00
   6.0000000e+00   6.8100000e+02   6.8100000e+02   8.6175261e-01
   6.1000000e+00   5.9600000e+02   5.9600000e+02   7.5419171e-01
   6.2000000e+00   6.2300000e+02   6.2300000e+02   7.8835811e-01
   6.3000000e+00   6.3900000e+02   6.3900000e+02   8.0860487e-01
   6.4000000e+00   5.9900000e+02   5.9900000e+02   7.5798798e-01
   6.5000000e+00   4.2500000e+02   4.2500000e+02   5.3780449e-01
   6.6000000e+00   3.9300000e+02   3.9300000e+02   4.9731098e-01
   6.7000000e+00   4.4100000e+02   4.4100000e+02   5.5805125e-01
   6.8000000e+00   4.7000000e+02   4.7000000e+02   5.9474850e-01
   6.9000000e+00   4.6400000e+02   4.6400000e+02   5.8715596e-01
   7.0000000e+00   4.4300000e+02   4.4300000e+02   5.6058209e-01
   7.1000000e+00   4.3400000e+02   4.3400000e+02   5.4919329e-01
   7.2000000e+00   4.2200000e+02   4.2200000e+02   5.3400823e-01
   7.3000000e+00   4.6200000e+02   4.6200000e+02   5.8462512e-01
   7.4000000e+00   4.1500000e+02   4.1500000e+02   5.2515027e-01
   7.5000000e+00   4.6300000e+02   4.6300000e+02   5.8589054e-01
   7.6000000e+00   4.4400000e+02   4.4400000e+02   5.6184752e-01
   7.7000000e+00   4.5000000e+02   4.5000000e+02   5.6944005e-01
   7.8000000e+00   3.5200000e+02   3.5200000e+02   4.4542866e-01
   7.9000000e+00   2.5100000e+02   2.5100000e+02   3.1762101e-01
   8.0000000e+00   2.6600000e+02   2.6600000e+02   3.3660234e-01
   8.1000000e+00   2.9400000e+02   2.9400000e+02   3.7203417e-01
   8.2000000e+00   2.4100000e+02   2.4100000e+02   3.0496678e-01
   8.3000000e+00   2.9000000e+02   2.9000000e+02   3.6697248e-01
   8.4000000e+00   2.9600000e+02   2.9600000e+02   3.7456501e-01
   8.5000000e+00   3.2000000e+02   3.2000000e+02   4.0493515e-01
   8.6000000e+00   3.2400000e+02   3.2400000e+02   4.0999684e-01
   8.7000000e+00   2.6300000e+02   2.6300000e+02   3.3280607e-01
   8.8000000e+00   2.7400000e+02   2.7400000e+02   3.4672572e-01
   8.9000000e+00   2.5500000e+02   2.5500000e+02   3.2268270e-01
   9.0000000e+00   2.8200000e+02   2.8200000e+02   3.5684910e-01
   9.1000000e+00   2.8900000e+02   2.8900000e+02   3.6570705e-01
   9.2000000e+00   2.9600000e+02   2.9600000e+02   3.7456501e-01
   9.3000000e+00   2.8200000e+02   2.8200000e+02   3.5684910e-01
   9.4000000e+00   3.5200000e+02   3.5200000e+02   4.4542866e-01
   9.5000000e+00   2.9300000e+02   2.9300000e+02   3.7076874e-01
   9.6000000e+00   2.6800000e+02   2.6800000e+02   3.3913319e-01
   9.7000000e+00   2.6400000e+02   2.6400000e+02   3.3407150e-01
   9.8000000e+00   2.8800000e+02   2.8800000e+02   3.6444163e-01
   9.9000000e+00   2.8800000e+02   2.8800000e+02   3.6444163e-01
   1.0000000e+01   2.7100000e+02   2.7100000e+02   3.4292945e-01
   1.0100000e+01   2.8600000e+02   2.8600000e+02   3.6191079e-01
   1.0200000e+01   3.0200000e+02   3.0200000e+02   3.8215755e-01
   1.0300000e+01   2.6700000e+02   2.6700000e+02   3.3786776e-01
   1.0400000e+01   2.8800000e+02   2.8800000e+02   3.6444163e-01
   1.0500000e+01   2.7300000e+02   2.7300000e+02   3.4546030e-01
   1.0600000e+01   2.7700000e+02   2.7700000e+02   3.5052199e-01
   1.0700000e+01   2.6700000e+02   2.6700000e+02   3.3786776e-01
   1.0800000e+01   3.1000000e+02   3.1000000e+02   3.9228092e-01
   1.0900000e+01   3.5300000e+02   3.5300000e+02   4.4669408e-01
   1.1000000e+01   2.4800000e+02   2.4800000e+02   3.1382474e-01
   1.1100000e+01   2.6600000e+02   2.6600000e+02   3.3660234e-01
   1.1200000e+01   3.3100000e+02   3.3100000e+02   4.1885479e-01
   1.1300000e+01   2.7800000e+02   2.7800000e+02   3.5178741e-01
   1.1400000e+01   2.8300000e+02   2.8300000e+02   3.5811452e-01
   1.1500000e+01   3.2800000e+02   3.2800000e+02   4.1505853e-01
   1.1600000e+01   2.8900000e+02   2.8900000e+02   3.6570705e-01
   1.1700000e+01   3.0400000e+02   3.0400000e+02   3.8468839e-01
   1.1800000e+01   2.4600000e+02   2.4600000e+02   3.1129389e-01
   1.1900000e+01   2.8500000e+02   2.8500000e+02   3.6064537e-01
   1.2000000e+01   3.2600000e+02   3.2600000e+02   4.1252768e-01
   1.2100000e+01   2.9600000e+02   2.9600000e+02   3.7456501e-01
   1.2200000e+01   3.0600000e+02   3.0600000e+02   3.8721923e-01
   1.2300000e+01   3.1700000e+02   3.1700000e+02   4.0113888e-01
   1.2400000e+01   3.2400000e+02   3.2400000e+02   4.0999684e-01
   1.2500000e+01   2.9300000e+02   2.9300000e+02   3.7076874e-01
   1.2600000e+01   2.6700000e+02   2.6700000e+02   3.3786776e-01
   1.2700000e+01   2.1200000e+02   2.1200000e+02   2.6826953e-01
   1.2800000e+01   1.5900000e+02   1.5900000e+02   2.0120215e-01
   1.2900000e+01   1.3800000e+02   1.3800000e+02   1.7462828e-01
   1.3000000e+01   1.4900000e+02   1.4900000e+02   1.8854793e-01
   1.3100000e+01   1.0700000e+02   1.0700000e+02   1.3540019e-01
   1.3200000e+01   1.4500000e+02   1.4500000e+02   1.8348624e-01
   1.3300000e+01   1.6000000e+02   1.6000000e+02   2.0246757e-01
   1.3400000e+01   1.5300000e+02   1.5300000e+02   1.9360962e-01
   1.3500000e+01   1.3400000e+02   1.3400000e+02   1.6956659e-01
   1.3600000e+01   1.8000000e+02   1.8000000e+02   2.2777602e-01
   1.3700000e+01   1.2200000e+02   1.2200000e+02   1.5438152e-01
   1.3800000e+01   1.7400000e+02   1.7400000e+02   2.2018349e-01
   1.3900000e+01   1.5300000e+02   1.5300000e+02   1.9360962e-01
   1.4000000e+01   1.4700000e+02   1.4700000e+02   1.8601708e-01
   1.4100000e+01   1.1900000e+02   1.1900000e+02   1.5058526e-01
   1.4200000e+01   1.3300000e+02   1.3300000e+02   1.6830117e-01
   1.4300000e+01   1.1100000e+02   1.1100000e+02   1.4046188e-01
   1.4400000e+01   1.1300000e+02   1.1300000e+02   1.4299272e-01
   1.4500000e+01   1.7400000e+02   1.7400000e+02   2.2018349e-01
   1.4600000e+01   1.2100000e+02   1.2100000e+02   1.5311610e-01
   1.4700000e+01   1.5200000e+02   1.5200000e+02   1.9234419e-01
   1.4800000e+01   1.8100000e+02   1.8100000e+02   2.2904144e-01
   1.4900000e+01   1.5900000e+02   1.5900000e+02   2.0120215e-01
   1.5000000e+01   1.2300000e+02   1.2300000e+02   1.5564695e-01
   1.5100000e+01   1.6700000e+02   1.6700000e+02   2.1132553e-01
   1.5200000e+01   1.1700000e+02   1.1700000e+02   1.4805441e-01
   1.5300000e+01   1.2800000e+02   1.2800000e+02   1.6197406e-01
   1.5400000e+01   1.3300000e+02   1.3300000e+02   1.6830117e-01
   1.5500000e+01   1.5000000e+02   1.5000000e+02   1.8981335e-01
   1.5600000e+01   1.1000000e+02   1.1000000e+02   1.3919646e-01
   1.5700000e+01   1.4400000e+02   1.4400000e+02   1.8222082e-01
   1.5800000e+01   1.6700000e+02   1.6700000e+02   2.1132553e-01
   1.5900000e+01   1.4000000e+02   1.4000000e+02   1.7715913e-01
   1.6000000e+01   1.3300000e+02   1.3300000e+02   1.6830117e-01
   1.6100000e+01   1.5700000e+02   1.5700000e+02   1.9867131e-01
   1.6200000e+01   1.3300000e+02   1.3300000e+02   1.6830117e-01
   1.6300000e+01   1.2500000e+02   1.2500000e+02   1.5817779e-01
   1.6400000e+01   1.7100000e+02   1.7100000e+02   2.1638722e-01
   1.6500000e+01   1.6600000e+02   1.6600000e+02   2.1006011e-01
   1.6600000e+01   1.6300000e+02   1.6300000e+02   2.0626384e-01
   1.6700000e+01   1.4700000e+02   1.4700000e+02   1.8601708e-01
   1.6800000e+01   1.6200000e+02   1.6200000e+02   2.0499842e-01
   1.6900000e+01   1.2900000e+02   1.2900000e+02   1.6323948e-01
   1.7000000e+01   1.6300000e+02   1.6300000e+02   2.0626384e-01
   1.7100000e+01   1.3000000e+02   1.3000000e+02   1.6450490e-01
   1.7200000e+01   1.7100000e+02   1.7100000e+02   2.1638722e-01
   1.7300000e+01   1.4400000e+02   1.4400000e+02   1.8222082e-01
   1.7400000e+01   1.7400000e+02   1.7400000e+02   2.2018349e-01
   1.7500000e+01   1.4600000e+02   1.4600000e+02   1.8475166e-01
   1.7600000e+01   1.4600000e+02   1.4600000e+02   1.8475166e-01
   1.7700000e+01   9.3000000e+01   9.3000000e+01   1.1768428e-01
   1.7800000e+01   1.4500000e+02   1.4500000e+02   1.8348624e-01
   1.7900000e+01   1.2800000e+02   1.2800000e+02   1.6197406e-01
   1.8000000e+01   1.8200000e+02   1.8200000e+02   2.3030686e-01
   1.8100000e+01   1.3800000e+02   1.3800000e+02   1.7462828e-01
   1.8200000e+01   1.6100000e+02   1.6100000e+02   2.0373300e-01
   1.8300000e+01   1.2800000e+02   1.2800000e+02   1.6197406e-01
   1.8400000e+01   1.2800000e+02   1.2800000e+02   1.6197406e-01
   1.8500000e+01   1.6200000e+02   1.6200000e+02   2.0499842e-01
   1.8600000e+01   1.1900000e+02   1.1900000e+02   1.5058526e-01
   1.8700000e+01   1.5700000e+02   1.5700000e+02   1.9867131e-01
   1.8800000e+01   1.3200000e+02   1.3200000e+02   1.6703575e-01
   1.8900000e+01   1.3400000e+02   1.3400000e+02   1.6956659e-01
   1.9000000e+01   1.5900000e+02   1.5900000e+02   2.0120215e-01
   1.9100000e+01   1.1000000e+02   1.1000000e+02   1.3919646e-01
   1.9200000e+01   1.2200000e+02   1.2200000e+02   1.5438152e-01
   1.9300000e+01   1.4900000e+02   1.4900000e+02   1.8854793e-01
   1.9400000e+01   1.9300000e+02   1.9300000e+02   2.4422651e-01
   1.9500000e+01   1.2700000e+02   1.2700000e+02   1.6070864e-01
   1.9600000e+01   1.5500000e+02   1.5500000e+02   1.9614046e-01
   1.9700000e+01   1.4300000e+02   1.4300000e+02   1.8095539e-01
   1.9800000e+01   1.1500000e+02   1.1500000e+02   1.4552357e-01
   1.9900000e+01   1.4400000e+02   1.4400000e+02   1.8222082e-01
   2.0000000e+01   1.2100000e+02   1.2100000e+02   1.5311610e-01
   2.0100000e+01   1.7900000e+02   1.7900000e+02   2.2651060e-01
   2.0200000e+01   1.1000000e+02   1.1000000e+02   1.3919646e-01
   2.0300000e+01   1.3300000e+02   1.3300000e+02   1.6830117e-01
   2.0400000e+01   1.3600000e+02   1.3600000e+02   1.7209744e-01
   2.0500000e+01   1.5000000e+02   1.5000000e+02   1.8981335e-01
   2.0600000e+01   1.6300000e+02   1.6300000e+02   2.0626384e-01
   2.0700000e+01   1.2100000e+02   1.2100000e+02   1.5311610e-01
   2.0800000e+01   1.2200000e+02   1.2200000e+02   1.5438152e-01
   2.0900000e+01   9.7000000e+01   9.7000000e+01   1.2274597e-01
   2.1000000e+01   1.2800000e+02   1.2800000e+02   1.6197406e-01
   2.1100000e+01   1.7400000e+02   1.7400000e+02   2.2018349e-01
   2.1200000e+01   1.5000000e+02   1.5000000e+02   1.8981335e-01
   2.1300000e+01   1.3100000e+02   1.3100000e+02   1.6577033e-01
   2.1400000e+01   1.6900000e+02   1.6900000e+02   2.1385637e-01
   2.1500000e+01   1.4600000e+02   1.4600000e+02   1.8475166e-01
   2.1600000e+01   1.4600000e+02   1.4600000e+02   1.8475166e-01
   2.1700000e+01   1.1800000e+02   1.1800000e+02   1.4931984e-01
   2.1800000e+01   1.2600000e+02   1.2600000e+02   1.5944321e-01
   2.1900000e+01   1.4900000e+02   1.4900000e+02   1.8854793e-01
   2.2000000e+01   1.2300000e+02   1.2300000e+02   1.5564695e-01
   2.2100000e+01   1.1600000e+02   1.1600000e+02   1.4678899e-01
   2.2200000e+01   1.3500000e+02   1.3500000e+02   1.7083202e-01
   2.2300000e+01   1.5000000e+02   1.5000000e+02   1.8981335e-01
   2.2400000e+01   1.2000000e+02   1.2000000e+02   1.5185068e-01
   2.2500000e+01   1.4800000e+02   1.4800000e+02   1.8728251e-01
   2.2600000e+01   1.1700000e+02   1.1700000e+02   1.4805441e-01
   2.2700000e+01   1.3000000e+02   1.3000000e+02   1.6450490e-01
   2.2800000e+01   1.3600000e+02   1.3600000e+02   1.7209744e-01
   2.2900000e+01   1.2300000e+02   1.2300000e+02   1.5564695e-01
   2.3000000e+01   1.4600000e+02   1.4600000e+02   1.8475166e-01
   2.3100000e+01   1.1800000e+02   1.1800000e+02   1.4931984e-01
   2.3200000e+01   1.3600000e+02   1.3600000e+02   1.7209744e-01
   2.3300000e+01   1.4900000e+02   1.4900000e+02   1.8854793e-01
   2.3400000e+01   1.1100000e+02   1.1100000e+02   1.4046188e-01
   2.3500000e+01   1.6800000e+02   1.6800000e+02   2.1259095e-01
   2.3600000e+01   9.8000000e+01   9.8000000e+01   1.2401139e-01
   2.3700000e+01   1.3700000e+02   1.3700000e+02   1.7336286e-01
   2.3800000e+01   1.3600000e+02   1.3600000e+02   1.7209744e-01
   2.3900000e+01   1.0800000e+02   1.0800000e+02   1.3666561e-01
   2.4000000e+01   1.6100000e+02   1.6100000e+02   2.0373300e-01
   2.4100000e+01   1.8600000e+02   1.8600000e+02   2.3536855e-01
   2.4200000e+01   1.3800000e+02   1.3800000e+02   1.7462828e-01
   2.4300000e+01   1.2600000e+02   1.2600000e+02   1.5944321e-01
   2.4400000e+01   1.5500000e+02   1.5500000e+02   1.9614046e-01
   2.4500000e+01   1.2500000e+02   1.2500000e+02   1.5817779e-01
   2.4600000e+01   1.5100000e+02   1.5100000e+02   1.9107877e-01
   2.4700000e+01   6.9000000e+01   6.9000000e+01   8.7314141e-02
   2.4800000e+01   1.1300000e+02   1.1300000e+02   1.4299272e-01
   2.4900000e+01   1.5600000e+02   1.5600000e+02   1.9740588e-01
   2.5000000e+01   1.7900000e+02   1.7900000e+02   2.2651060e-01
   2.5100000e+01   1.2200000e+02   1.2200000e+02   1.5438152e-01
   2.5200000e+01   1.1800000e+02   1.1800000e+02   1.4931984e-01
   2.5300000e+01   1.7600000e+02   1.7600000e+02   2.2271433e-01
   2.5400000e+01   1.6000000e+02   1.6000000e+02   2.0246757e-01
   2.5500000e+01   1.7400000e+02   1.7400000e+02   2.2018349e-01
   2.5600000e+01   1.3300000e+02   1.3300000e+02   1.6830117e-01
   2.5700000e+01   1.6700000e+02   1.6700000e+02   2.1132553e-01
   2.5800000e+01   1.3100000e+02   1.3100000e+02   1.6577033e-01
   2.5900000e+01   1.6700000e+02   1.6700000e+02   2.1132553e-01
   2.6000000e+01   1.3800000e+02   1.3800000e+02   1.7462828e-01
   2.6100000e+01   1.5800000e+02   1.5800000e+02   1.9993673e-01
   2.6200000e+01   1.5100000e+02   1.5100000e+02   1.9107877e-01
   2.6300000e+01   1.6600000e+02   1.6600000e+02   2.1006011e-01
   2.6400000e+01   1.8800000e+02   1.8800000e+02   2.3789940e-01
   2.6500000e+01   1.5200000e+02   1.5200000e+02   1.9234419e-01
   2.6600000e+01   1.4900000e+02   1.4900000e+02   1.8854793e-01
   2.6700000e+01   1.7000000e+02   1.7000000e+02   2.1512180e-01
   2.6800000e+01   1.3800000e+02   1.3800000e+02   1.7462828e-01
   2.6900000e+01   1.3500000e+02   1.3500000e+02   1.7083202e-01
   2.7000000e+01  -5.0000000e+00  -5.0000000e+00  -6.3271117e-03
   2.7100000e+01  -6.0000000e+00  -6.0000000e+00  -7.5925340e-03
   2.7200000e+01  -6.0000000e+01  -6.0000000e+01  -7.5925340e-02
   2.7300000e+01   3.6000000e+01   3.6000000e+01   4.5555204e-02
   2.7400000e+01  -7.0000000e+00  -7.0000000e+00  -8.8579563e-03
   2.7500000e+01   4.6000000e+01   4.6000000e+01   5.8209427e-02
   2.7600000e+01  -3.1000000e+01  -3.1000000e+01  -3.9228092e-02
   2.7700000e+01  -2.2000000e+01  -2.2000000e+01  -2.7839291e-02
   2.7800000e+01   2.1000000e+01   2.1000000e+01   2.6573869e-02
   2.7900000e+01  -5.0000000e+00  -5.0000000e+00  -6.3271117e-03
   2.8000000e+01  -5.0000000e+00  -5.0000000e+00  -6.3271117e-03
   2.8100000e+01   2.0000000e+00   2.0000000e+00   2.5308447e-03
   2.8200000e+01  -2.1000000e+01  -2.1000000e+01  -2.6573869e-02
   2.8300000e+01  -2.1000000e+01  -2.1000000e+01  -2.6573869e-02
   2.8400000e+01   0.0000000e+00   0.0000000e+00   0.0000000e+00
   2.8500000e+01   9.0000000e+00   9.0000000e+00   1.1388801e-02
   2.8600000e+01  -2.2000000e+01  -2.2000000e+01  -2.7839291e-02
   2.8700000e+01   7.0000000e+00   7.0000000e+00   8.8579563e-03
   2.8800000e+01  -4.0000000e+00  -4.0000000e+00  -5.0616893e-03
   2.8900000e+01  -1.0000000e+00  -1.0000000e+00  -1.2654223e-03
   2.9000000e+01   1.4000000e+01   1.4000000e+01   1.7715913e-02
   2.9100000e+01  -8.0000000e+00  -8.0000000e+00  -1.0123379e-02
   2.9200000e+01  -7.0000000e+00  -7.0000000e+00  -8.8579563e-03
   2.9300000e+01  -2.6000000e+01  -2.6000000e+01  -3.2900981e-02
   2.9400000e+01  -2.5000000e+01  -2.5000000e+01  -3.1635558e-02
   2.9500000e+01   4.0000000e+00   4.0000000e+00   5.0616893e-03
   2.9600000e+01  -2.6000000e+01  -2.6000000e+01  -3.2900981e-02
   2.9700000e+01  -7.0000000e+00  -7.0000000e+00  -8.8579563e-03
   2.9800000e+01   6.0000000e+00   6.0000000e+00   7.5925340e-03
   2.9900000e+01  -2.7000000e+01  -2.7000000e+01  -3.4166403e-02
   3.0000000e+01   1.6000000e+01   1.6000000e+01   2.0246757e-02
   3.0100000e+01  -2.5000000e+01  -2.5000000e+01  -3.1635558e-02
   3.0200000e+01   3.0000000e+00   3.0000000e+00   3.7962670e-03
   3.0300000e+01  -2.0000000e+00  -2.0000000e+00  -2.5308447e-03
   3.0400000e+01   2.0000000e+00   2.0000000e+00   2.5308447e-03
   3.0500000e+01  -7.0000000e+00  -7.0000000e+00  -8.8579563e-03
   3.0600000e+01   1.0000000e+00   1.0000000e+00   1.2654223e-03
   3.0700000e+01  -2.6000000e+01  -2.6000000e+01  -3.2900981e-02
   3.0800000e+01  -6.0000000e+00  -6.0000000e+00  -7.5925340e-03
   3.0900000e+01   8.0000000e+00   8.0000000e+00   1.0123379e-02
   3.1000000e+01  -1.6000000e+01  -1.6000000e+01  -2.0246757e-02
   3.1100000e+01   3.2000000e+01   3.2000000e+01   4.0493515e-02
   3.1200000e+01   3.0000000e+00   3.0000000e+00   3.7962670e-03
   3.1300000e+01   1.8000000e+01   1.8000000e+01   2.2777602e-02
   3.1400000e+01  -1.2000000e+01  -1.2000000e+01  -1.5185068e-02
   3.1500000e+01   2.0000000e+00   2.0000000e+00   2.5308447e-03
   3.1600000e+01   1.0000000e+01   1.0000000e+01   1.2654223e-02
   3.1700000e+01  -1.6000000e+01  -1.6000000e+01  -2.0246757e-02
   3.1800000e+01   0.0000000e+00   0.0000000e+00   0.0000000e+00
   3.1900000e+01  -1.3000000e+01  -1.3000000e+01  -1.6450490e-02
   3.2000000e+01   4.0000000e+00   4.0000000e+00   5.0616893e-03
   3.2100000e+01  -1.3000000e+01  -1.3000000e+01  -1.6450490e-02
   3.2200000e+01  -7.0000000e+00  -7.0000000e+00  -8.8579563e-03
   3.2300000e+01  -3.3000000e+01  -3.3000000e+01  -4.1758937e-02
   3.2400000e+01  -2.0000000e+00  -2.0000000e+00  -2.5308447e-03
   3.2500000e+01   3.0000000e+00   3.0000000e+00   3.7962670e-03
   3.2600000e+01  -5.0000000e+00  -5.0000000e+00  -6.3271117e-03
   3.2700000e+01  -6.0000000e+00  -6.0000000e+00  -7.5925340e-03
   3.2800000e+01  -1.0000000e+00  -1.0000000e+00  -1.2654223e-03
   3.2900000e+01   9.0000000e+00   9.0000000e+00   1.1388801e-02
   3.3000000e+01   4.0000000e+00   4.0000000e+00   5.0616893e-03
   3.3100000e+01  -9.0000000e+00  -9.0000000e+00  -1.1388801e-02
   3.3200000e+01   1.7000000e+01   1.7000000e+01   2.1512180e-02
   3.3300000e+01   5.0000000e+00   5.0000000e+00   6.3271117e-03
   3.3400000e+01   1.9000000e+01   1.9000000e+01   2.4043024e-02
   3.3500000e+01  -2.0000000e+00  -2.0000000e+00  -2.5308447e-03
   3.3600000e+01   1.5000000e+01   1.5000000e+01   1.8981335e-02
   3.3700000e+01  -4.0000000e+00  -4.0000000e+00  -5.0616893e-03
   3.3800000e+01   3.3000000e+01   3.3000000e+01   4.1758937e-02
   3.3900000e+01  -2.0000000e+01  -2.0000000e+01  -2.5308447e-02
   3.4000000e+01   1.0000000e+00   1.0000000e+00   1.2654223e-03
   3.4100000e+01   1.6000000e+01   1.6000000e+01   2.0246757e-02
   3.4200000e+01   1.1000000e+01   1.1000000e+01   1.3919646e-02
   3.4300000e+01  -1.0000000e+00  -1.0000000e+00  -1.2654223e-03
   3.4400000e+01  -1.1000000e+01  -1.1000000e+01  -1.3919646e-02
   3.4500000e+01   6.0000000e+00   6.0000000e+00   7.5925340e-03
   3.4600000e+01  -2.9000000e+01  -2.9000000e+01  -3.6697248e-02
   3.4700000e+01  -8.0000000e+00  -8.0000000e+00  -1.0123379e-02
   3.4800000e+01  -7.0000000e+00  -7.0000000e+00  -8.8579563e-03
   3.4900000e+01   5.0000000e+00   5.0000000e+00   6.3271117e-03
   3.5000000e+01  -6.0000000e+00  -6.0000000e+00  -7.5925340e-03
   3.5100000e+01   1.5000000e+01   1.5000000e+01   1.8981335e-02
   3.5200000e+01  -7.0000000e+00  -7.0000000e+00  -8.8579563e-03
   3.5300000e+01   5.0000000e+00   5.0000000e+00   6.3271117e-03
   3.5400000e+01   5.0000000e+00   5.0000000e+00   6.3271117e-03
   3.5500000e+01   1.9000000e+01   1.9000000e+01   2.4043024e-02
   3.5600000e+01  -3.3000000e+01  -3.3000000e+01  -4.1758937e-02
   3.5700000e+01  -1.0000000e+01  -1.0000000e+01  -1.2654223e-02
   3.5800000e+01  -3.3000000e+01  -3.3000000e+01  -4.1758937e-02
   3.5900000e+01  -1.0000000e+00  -1.0000000e+00  -1.2654223e-03
   3.6000000e+01  -2.9000000e+01  -2.9000000e+01  -3.6697248e-02
   3.6100000e+01   0.0000000e+00   0.0000000e+00   0.0000000e+00
   3.6200000e+01   6.0000000e+00   6.0000000e+00   7.5925340e-03
   3.6300000e+01   1.1000000e+01   1.1000000e+01   1.3919646e-02
   3.6400000e+01   5.0000000e+00   5.0000000e+00   6.3271117e-03
   3.6500000e+01  -1.8000000e+01  -1.8000000e+01  -2.2777602e-02
   3.6600000e+01  -9.0000000e+00  -9.0000000e+00  -1.1388801e-02
   3.6700000e+01   1.3000000e+01   1.3000000e+01   1.6450490e-02
   3.6800000e+01   2.8000000e+01   2.8000000e+01   3.5431825e-02
   3.6900000e+01  -2.0000000e+01  -2.0000000e+01  -2.5308447e-02
   3.7000000e+01  -4.0000000e+00  -4.0000000e+00  -5.0616893e-03
   3.7100000e+01  -3.0000000e+00  -3.0000000e+00  -3.7962670e-03
   3.7200000e+01  -1.9000000e+01  -1.9000000e+01  -2.4043024e-02
   3.7300000e+01   2.8000000e+01   2.8000000e+01   3.5431825e-02
   3.7400000e+01   8.0000000e+00   8.0000000e+00   1.0123379e-02
   3.7500000e+01   7.0000000e+00   7.0000000e+00   8.8579563e-03
   3.7600000e+01  -8.0000000e+00  -8.0000000e+00  -1.0123379e-02
   3.7700000e+01  -2.4000000e+01  -2.4000000e+01  -3.0370136e-02
   3.7800000e+01   3.1000000e+01   3.1000000e+01   3.9228092e-02
   3.7900000e+01   1.8000000e+01   1.8000000e+01   2.2777602e-02
   3.8000000e+01  -3.2000000e+01  -3.2000000e+01  -4.0493515e-02
   3.8100000e+01  -9.0000000e+00  -9.0000000e+00  -1.1388801e-02
   3.8200000e+01  -1.3000000e+01  -1.3000000e+01  -1.6450490e-02
   3.8300000e+01  -3.0000000e+00  -3.0000000e+00  -3.7962670e-03
   3.8400000e+01  -2.0000000e+00  -2.0000000e+00  -2.5308447e-03
   3.8500000e+01   2.8000000e+01   2.8000000e+01   3.5431825e-02
   3.8600000e+01  -1.5000000e+01  -1.5000000e+01  -1.8981335e-02
   3.8700000e+01   1.1000000e+01   1.1000000e+01   1.3919646e-02
   3.8800000e+01   8.0000000e+00   8.0000000e+00   1.0123379e-02
   3.8900000e+01  -4.0000000e+00  -4.0000000e+00  -5.0616893e-03
   3.9000000e+01   1.0000000e+00   1.0000000e+00   1.2654223e-03
   3.9100000e+01   1.3000000e+01   1.3000000e+01   1.6450490e-02
   3.9200000e+01   1.9000000e+01   1.9000000e+01   2.4043024e-02
   3.9300000e+01   3.0000000e+01   3.0000000e+01   3.7962670e-02
   3.9400000e+01  -1.0000000e+00  -1.0000000e+00  -1.2654223e-03
   3.9500000e+01   2.0000000e+01   2.0000000e+01   2.5308447e-02
   3.9600000e+01  -1.1000000e+01  -1.1000000e+01  -1.3919646e-02
   3.9700000e+01   2.0000000e+01   2.0000000e+01   2.5308447e-02
   3.9800000e+01   3.0000000e+00   3.0000000e+00   3.7962670e-03
   3.9900000e+01  -1.1000000e+01  -1.1000000e+01  -1.3919646e-02
   4.0000000e+01   1.5000000e+01   1.5000000e+01   1.8981335e-02
   4.0100000e+01  -2.6000000e+01  -2.6000000e+01  -3.2900981e-02
   4.0200000e+01   7.0000000e+00   7.0000000e+00   8.8579563e-03
   4.0300000e+01   8.0000000e+00   8.0000000e+00   1.0123379e-02
   4.0400000e+01   1.4000000e+01   1.4000000e+01   1.7715913e-02
   4.0500000e+01   1.0000000e+00   1.0000000e+00   1.2654223e-03
   4.0600000e+01   1.6000000e+01   1.6000000e+01   2.0246757e-02
   4.0700000e+01   1.2000000e+01   1.2000000e+01   1.5185068e-02
   4.0800000e+01  -1.8000000e+01  -1.8000000e+01  -2.2777602e-02
   4.0900000e+01  -7.0000000e+00  -7.0000000e+00  -8.8579563e-03
   4.1000000e+01   1.8000000e+01   1.8000000e+01   2.2777602e-02
   4.1100000e+01   1.4000000e+01   1.4000000e+01   1.7715913e-02
   4.1200000e+01   2.0000000e+00   2.0000000e+00   2.5308447e-03
   4.1300000e+01  -2.0000000e+00  -2.0000000e+00  -2.5308447e-03
   4.1400000e+01   6.0000000e+00   6.0000000e+00   7.5925340e-03
   4.1500000e+01  -7.0000000e+00  -7.0000000e+00  -8.8579563e-03
   4.1600000e+01   6.0000000e+00   6.0000000e+00   7.5925340e-03
   4.1700000e+01   8.0000000e+00   8.0000000e+00   1.0123379e-02
   4.1800000e+01   2.9000000e+01   2.9000000e+01   3.6697248e-02
   4.1900000e+01  -1.0000000e+00  -1.0000000e+00  -1.2654223e-03
   4.2000000e+01  -1.5000000e+01  -1.5000000e+01  -1.8981335e-02
   4.2100000e+01   5.0000000e+00   5.0000000e+00   6.3271117e-03
   4.2200000e+01  -1.9000000e+01  -1.9000000e+01  -2.4043024e-02
   4.2300000e+01   8.0000000e+00   8.0000000e+00   1.0123379e-02
   4.2400000e+01  -6.0000000e+00  -6.0000000e+00  -7.5925340e-03
   4.2500000e+01   1.3000000e+01   1.3000000e+01   1.6450490e-02
   4.2600000e+01  -3.0000000e+00  -3.0000000e+00  -3.7962670e-03
   4.2700000e+01  -1.3000000e+01  -1.3000000e+01  -1.6450490e-02
   4.2800000e+01  -7.0000000e+00  -7.0000000e+00  -8.8579563e-03
   4.2900000e+01   1.6000000e+01   1.6000000e+01   2.0246757e-02
   4.3000000e+01   5.0000000e+00   5.0000000e+00   6.3271117e-03
   4.3100000e+01  -1.0000000e+01  -1.0000000e+01  -1.2654223e-02
   4.3200000e+01   3.0000000e+00   3.0000000e+00   3.7962670e-03
   4.3300000e+01  -3.0000000e+00  -3.0000000e+00  -3.7962670e-03
   4.3400000e+01   3.2000000e+01   3.2000000e+01   4.0493515e-02
   4.3500000e+01   2.0000000e+00   2.0000000e+00   2.5308447e-03
   4.3600000e+01   4.0000000e+00   4.0000000e+00   5.0616893e-03
   4.3700000e+01   0.0000000e+00   0.0000000e+00   0.0000000e+00
   4.3800000e+01   3.1000000e+01   3.1000000e+01   3.9228092e-02
   4.3900000e+01   3.0000000e+00   3.0000000e+00   3.7962670e-03
   4.4000000e+01   2.0000000e+01   2.0000000e+01   2.5308447e-02
   4.4100000e+01  -9.0000000e+00  -9.0000000e+00  -1.1388801e-02
   4.4200000e+01  -2.0000000e+01  -2.0000000e+01  -2.5308447e-02
   4.4300000e+01   0.0000000e+00   0.0000000e+00   0.0000000e+00
   4.4400000e+01  -1.7000000e+01  -1.7000000e+01  -2.1512180e-02
   4.4500000e+01   1.0000000e+00   1.0000000e+00   1.2654223e-03
   4.4600000e+01  -1.0000000e+00  -1.0000000e+00  -1.2654223e-03
   4.4700000e+01   3.7000000e+01   3.7000000e+01   4.6820626e-02
   4.4800000e+01  -1.8000000e+01  -1.8000000e+01  -2.2777602e-02
   4.4900000e+01  -1.1000000e+01  -1.1000000e+01  -1.3919646e-02
   4.5000000e+01   1.7000000e+01   1.7000000e+01   2.1512180e-02
   4.5100000e+01   1.1000000e+01   1.1000000e+01   1.3919646e-02
   4.5200000e+01  -1.4000000e+01  -1.4000000e+01  -1.7715913e-02
   4.5300000e+01   1.0000000e+00   1.0000000e+00   1.2654223e-03
   4.5400000e+01  -5.0000000e+00  -5.0000000e+00  -6.3271117e-03
   4.5500000e+01   2.0000000e+00   2.0000000e+00   2.5308447e-03
   4.5600000e+01   4.0000000e+00   4.0000000e+00   5.0616893e-03
   4.5700000e+01   1.1000000e+01   1.1000000e+01   1.3919646e-02
   4.5800000e+01  -4.0000000e+01  -4.0000000e+01  -5.0616893e-02
   4.5900000e+01  -1.3000000e+01  -1.3000000e+01  -1.6450490e-02
   4.6000000e+01   1.0000000e+01   1.0000000e+01   1.2654223e-02
   4.6100000e+01  -5.0000000e+00  -5.0000000e+00  -6.3271117e-03
   4.6200000e+01  -1.0000000e+00  -1.0000000e+00  -1.2654223e-03
   4.6300000e+01  -3.6000000e+01  -3.6000000e+01  -4.5555204e-02
   4.6400000e+01   0.0000000e+00   0.0000000e+00   0.0000000e+00
   4.6500000e+01   5.0000000e+00   5.0000000e+00   6.3271117e-03
   4.6600000e+01  -2.3000000e+01  -2.3000000e+01  -2.9104714e-02
   4.6700000e+01   1.8000000e+01   1.8000000e+01   2.2777602e-02
   4.6800000e+01  -1.8000000e+01  -1.8000000e+01  -2.2777602e-02
   4.6900000e+01   1.3000000e+01   1.3000000e+01   1.6450490e-02
   4.7000000e+01  -1.0000000e+01  -1.0000000e+01  -1.2654223e-02
   4.7100000e+01  -1.2000000e+01  -1.2000000e+01  -1.5185068e-02
   4.7200000e+01  -1.0000000e+00  -1.0000000e+00  -1.2654223e-03
   4.7300000e+01   2.1000000e+01   2.1000000e+01   2.6573869e-02
   4.7400000e+01   2.4000000e+01   2.4000000e+01   3.0370136e-02
   4.7500000e+01   2.3000000e+01   2.3000000e+01   2.9104714e-02
   4.7600000e+01  -1.5000000e+01  -1.5000000e+01  -1.8981335e-02
   4.7700000e+01  -1.3000000e+01  -1.3000000e+01  -1.6450490e-02
   4.7800000e+01  -1.5000000e+01  -1.5000000e+01  -1.8981335e-02
   4.7900000e+01  -1.8000000e+01  -1.8000000e+01  -2.2777602e-02
   4.8000000e+01  -2.3000000e+01  -2.3000000e+01  -2.9104714e-02
   4.8100000e+01   1.1000000e+01   1.1000000e+01   1.3919646e-02
   4.8200000e+01  -9.0000000e+00  -9.0000000e+00  -1.1388801e-02
   4.8300000e+01  -1.0000000e+00  -1.0000000e+00  -1.2654223e-03
   4.8400000e+01  -3.0000000e+00  -3.0000000e+00  -3.7962670e-03
   4.8500000e+01   4.0000000e+00   4.0000000e+00   5.0616893e-03
   4.8600000e+01  -1.4000000e+01  -1.4000000e+01  -1.7715913e-02
   4.8700000e+01   1.8000000e+01   1.8000000e+01   2.2777602e-02
   4.8800000e+01   3.3000000e+01   3.3000000e+01   4.1758937e-02
   4.8900000e+01  -4.0000000e+00  -4.0000000e+00  -5.0616893e-03
   4.9000000e+01  -1.1000000e+01  -1.1000000e+01  -1.3919646e-02
   4.9100000e+01   8.0000000e+00   8.0000000e+00   1.0123379e-02
   4.9200000e+01   0.0000000e+00   0.0000000e+00   0.0000000e+00
   4.9300000e+01  -9.0000000e+00  -9.0000000e+00  -1.1388801e-02
   4.9400000e+01   1.0000000e+00   1.0000000e+00   1.2654223e-03
   4.9500000e+01   3.0000000e+00   3.0000000e+00   3.7962670e-03
   4.9600000e+01   1.8000000e+01   1.8000000e+01   2.2777602e-02
   4.9700000e+01  -1.2000000e+01  -1.2000000e+01  -1.5185068e-02
   4.9800000e+01  -1.6000000e+01  -1.6000000e+01  -2.0246757e-02
   4.9900000e+01  -1.8000000e+01  -1.8000000e+01  -2.2777602e-02
   5.0000000e+01  -1.9000000e+01  -1.9000000e+01  -2.4043024e-02
   5.0100000e+01   2.9000000e+01   2.9000000e+01   3.6697248e-02
   5.0200000e+01   3.0000000e+00   3.0000000e+00   3.7962670e-03
   5.0300000e+01  -1.2000000e+01  -1.2000000e+01  -1.5185068e-02
   5.0400000e+01  -5.0000000e+00  -5.0000000e+00  -6.3271117e-03
   5.0500000e+01  -3.0000000e+00  -3.0000000e+00  -3.7962670e-03
   5.0600000e+01  -1.4000000e+01  -1.4000000e+01  -1.7715913e-02
   5.0700000e+01   1.4000000e+01   1.4000000e+01   1.7715913e-02
   5.0800000e+01   7.0000000e+00   7.0000000e+00   8.8579563e-03
   5.0900000e+01   1.9000000e+01   1.9000000e+01   2.4043024e-02
   5.1000000e+01  -6.0000000e+00  -6.0000000e+00  -7.5925340e-03
   5.1100000e+01   1.2000000e+01   1.2000000e+01   1.5185068e-02
   5.1200000e+01   2.0000000e+01   2.0000000e+01   2.5308447e-02
   5.1300000e+01   9.0000000e+00   9.0000000e+00   1.1388801e-02
   5.1400000e+01  -2.4000000e+01  -2.4000000e+01  -3.0370136e-02
   5.1500000e+01   3.2000000e+01   3.2000000e+01   4.0493515e-02
   5.1600000e+01  -1.4000000e+01  -1.4000000e+01  -1.7715913e-02
   5.1700000e+01   8.0000000e+00   8.0000000e+00   1.0123379e-02
   5.1800000e+01   9.0000000e+00   9.0000000e+00   1.1388801e-02
   5.1900000e+01   3.0000000e+00   3.0000000e+00   3.7962670e-03
   5.2000000e+01  -3.3000000e+01  -3.3000000e+01  -4.1758937e-02
   5.2100000e+01   2.5000000e+01   2.5000000e+01   3.1635558e-02
   5.2200000e+01   5.0000000e+00   5.0000000e+00   6.3271117e-03
   5.2300000e+01   7.0000000e+00   7.0000000e+00   8.8579563e-03
   5.2400000e+01  -7.0000000e+00  -7.0000000e+00  -8.8579563e-03
   5.2500000e+01  -3.1000000e+01  -3.1000000e+01  -3.9228092e-02
   5.2600000e+01  -2.7000000e+01  -2.7000000e+01  -3.4166403e-02
   5.2700000e+01   4.0000000e+00   4.0000000e+00   5.0616893e-03
   5.2800000e+01   4.0000000e+00   4.0000000e+00   5.0616893e-03
   5.2900000e+01   1.8000000e+01   1.8000000e+01   2.2777602e-02
   5.3000000e+01   3.7000000e+01   3.7000000e+01   4.6820626e-02
   5.3100000e+01  -2.3000000e+01  -2.3000000e+01  -2.9104714e-02
   5.3200000e+01   1.0000000e+01   1.0000000e+01   1.2654223e-02
   5.3300000e+01  -5.0000000e+00  -5.0000000e+00  -6.3271117e-03
   5.3400000e+01   3.1000000e+01   3.1000000e+01   3.9228092e-02
   5.3500000e+01   3.7000000e+01   3.7000000e+01   4.6820626e-02
   5.3600000e+01  -1.2000000e+01  -1.2000000e+01  -1.5185068e-02
   5.3700000e+01   1.1000000e+01   1.1000000e+01   1.3919646e-02
   5.3800000e+01   1.2000000e+01   1.2000000e+01   1.5185068e-02
   5.3900000e+01  -1.5000000e+01  -1.5000000e+01  -1.8981335e-02
   5.4000000e+01  -8.0000000e+00  -8.0000000e+00  -1.0123379e-02
   5.4100000e+01   2.6000000e+01   2.6000000e+01   3.2900981e-02
   5.4200000e+01  -1.0000000e+01  -1.0000000e+01  -1.2654223e-02
   5.4300000e+01   2.2000000e+01   2.2000000e+01   2.7839291e-02
   5.4400000e+01  -6.0000000e+00  -6.0000000e+00  -7.5925340e-03
   5.4500000e+01  -2.8000000e+01  -2.8000000e+01  -3.5431825e-02
   5.4600000e+01  -9.0000000e+00  -9.0000000e+00  -1.1388801e-02
   5.4700000e+01   2.0000000e+00   2.0000000e+00   2.5308447e-03
   5.4800000e+01  -1.0000000e+00  -1.0000000e+00  -1.2654223e-03
   5.4900000e+01  -1.2000000e+01  -1.2000000e+01  -1.5185068e-02
   5.5000000e+01  -6.0000000e+00  -6.0000000e+00  -7.5925340e-03
   5.5100000e+01  -1.0000000e+00  -1.0000000e+00  -1.2654223e-03
   5.5200000e+01  -2.1000000e+01  -2.1000000e+01  -2.6573869e-02
   5.5300000e+01  -1.5000000e+01  -1.5000000e+01  -1.8981335e-02
   5.5400000e+01   1.2000000e+01   1.2000000e+01   1.5185068e-02
   5.5500000e+01  -1.6000000e+01  -1.6000000e+01  -2.0246757e-02
   5.5600000e+01  -1.5000000e+01  -1.5000000e+01  -1.8981335e-02
   5.5700000e+01  -1.1000000e+01  -1.1000000e+01  -1.3919646e-02
   5.5800000e+01   1.0000000e+00   1.0000000e+00   1.2654223e-03
   5.5900000e+01   2.4000000e+01   2.4000000e+01   3.0370136e-02
   5.6000000e+01  -1.6000000e+01  -1.6000000e+01  -2.0246757e-02
   5.6100000e+01   9.0000000e+00   9.0000000e+00   1.1388801e-02
   5.6200000e+01   1.9000000e+01   1.9000000e+01   2.4043024e-02
   5.6300000e+01   4.0000000e+00   4.0000000e+00   5.0616893e-03
   5.6400000e+01  -2.0000000e+00  -2.0000000e+00  -2.5308447e-03
   5.6500000e+01   3.0000000e+00   3.0000000e+00   3.7962670e-03
   5.6600000e+01   2.1000000e+01   2.1000000e+01   2.6573869e-02
   5.6700000e+01  -1.8000000e+01  -1.8000000e+01  -2.2777602e-02
   5.6800000e+01  -1.2000000e+01  -1.2000000e+01  -1.5185068e-02
   5.6900000e+01   0.0000000e+00   0.0000000e+00   0.0000000e+00
   5.7000000e+01   1.0000000e+01   1.0000000e+01   1.2654223e-02
   5.7100000e+01   3.0000000e+00   3.0000000e+00   3.7962670e-03
   5.7200000e+01   2.2000000e+01   2.2000000e+01   2.7839291e-02
   5.7300000e+01   2.5000000e+01   2.5000000e+01   3.1635558e-02
   5.7400000e+01   2.9000000e+01   2.9000000e+01   3.6697248e-02
   5.7500000e+01   5.0000000e+00   5.0000000e+00   6.3271117e-03
   5.7600000e+01   2.5000000e+01   2.5000000e+01   3.1635558e-02
   5.7700000e+01  -1.6000000e+01  -1.6000000e+01  -2.0246757e-02
   5.7800000e+01  -2.0000000e+01  -2.0000000e+01  -2.5308447e-02
   5.7900000e+01  -2.2000000e+01  -2.2000000e+01  -2.7839291e-02
   5.8000000e+01  -1.3000000e+01  -1.3000000e+01  -1.6450490e-02
   5.8100000e+01  -6.0000000e+00  -6.0000000e+00  -7.5925340e-03
   5.8200000e+01   4.0000000e+00   4.0000000e+00   5.0616893e-03
   5.8300000e+01  -3.0000000e+00  -3.0000000e+00  -3.7962670e-03
   5.8400000e+01   1.6000000e+01   1.6000000e+01   2.0246757e-02
   5.8500000e+01  -1.3000000e+01  -1.3000000e+01  -1.6450490e-02
   5.8600000e+01   1.5000000e+01   1.5000000e+01   1.8981335e-02
   5.8700000e+01   1.2000000e+01   1.2000000e+01   1.5185068e-02
   5.8800000e+01   1.0000000e+00   1.0000000e+00   1.2654223e-03
   5.8900000e+01   6.0000000e+00   6.0000000e+00   7.5925340e-03
   5.9000000e+01  -1.7000000e+01  -1.7000000e+01  -2.1512180e-02
   5.9100000e+01   3.0000000e+00   3.0000000e+00   3.7962670e-03
   5.9200000e+01  -1.0000000e+00  -1.0000000e+00  -1.2654223e-03
   5.9300000e+01   2.1000000e+01   2.1000000e+01   2.6573869e-02
   5.9400000e+01  -1.1000000e+01  -1.1000000e+01  -1.3919646e-02
   5.9500000e+01  -2.5000000e+01  -2.5000000e+01  -3.1635558e-02
   5.9600000e+01   1.0000000e+01   1.0000000e+01   1.2654223e-02
   5.9700000e+01  -7.0000000e+00  -7.0000000e+00  -8.8579563e-03
   5.9800000e+01  -1.4000000e+01  -1.4000000e+01  -1.7715913e-02
   5.9900000e+01  -3.9000000e+01  -3.9000000e+01  -4.9351471e-02
   6.0000000e+01  -8.0000000e+00  -8.0000000e+00  -1.0123379e-02
   6.0100000e+01  -2.0000000e+01  -2.0000000e+01  -2.5308447e-02
   6.0200000e+01   1.1000000e+01   1.1000000e+01   1.3919646e-02
   6.0300000e+01   1.0000000e+00   1.0000000e+00   1.2654223e-03
   6.0400000e+01  -3.3000000e+01  -3.3000000e+01  -4.1758937e-02
   6.0500000e+01  -2.7000000e+01  -2.7000000e+01  -3.4166403e-02
   6.0600000e+01   1.7000000e+01   1.7000000e+01   2.1512180e-02
   6.0700000e+01   0.0000000e+00   0.0000000e+00   0.0000000e+00
   6.0800000e+01   1.4000000e+01   1.4000000e+01   1.7715913e-02
   6.0900000e+01   1.3000000e+01   1.3000000e+01   1.6450490e-02
   6.1000000e+01  -1.2000000e+01  -1.2000000e+01  -1.5185068e-02
   6.1100000e+01  -9.0000000e+00  -9.0000000e+00  -1.1388801e-02
   6.1200000e+01   3.8000000e+01   3.8000000e+01   4.8086049e-02
   6.1300000e+01  -1.0000000e+01  -1.0000000e+01  -1.2654223e-02
   6.1400000e+01  -1.2000000e+01  -1.2000000e+01  -1.5185068e-02
   6.1500000e+01   1.2000000e+01   1.2000000e+01   1.5185068e-02
   6.1600000e+01   3.0000000e+01   3.0000000e+01   3.7962670e-02
   6.1700000e+01  -3.0000000e+00  -3.0000000e+00  -3.7962670e-03
   6.1800000e+01   8.0000000e+00   8.0000000e+00   1.0123379e-02
   6.1900000e+01   3.0000000e+00   3.0000000e+00   3.7962670e-03
   6.2000000e+01   4.0000000e+01   4.0000000e+01   5.0616893e-02
   6.2100000e+01   1.1000000e+01   1.1000000e+01   1.3919646e-02
   6.2200000e+01  -1.6000000e+01  -1.6000000e+01  -2.0246757e-02
   6.2300000e+01  -3.0000000e+00  -3.0000000e+00  -3.7962670e-03
   6.2400000e+01   1.4000000e+01   1.4000000e+01   1.7715913e-02
   6.2500000e+01   2.2000000e+01   2.2000000e+01   2.7839291e-02
   6.2600000e+01   2.9000000e+01   2.9000000e+01   3.6697248e-02
   6.2700000e+01  -1.7000000e+01  -1.7000000e+01  -2.1512180e-02
   6.2800000e+01   6.0000000e+00   6.0000000e+00   7.5925340e-03
   6.2900000e+01   4.0000000e+00   4.0000000e+00   5.0616893e-03
   6.3000000e+01   1.5000000e+01   1.5000000e+01   1.8981335e-02
   6.3100000e+01   3.0000000e+01   3.0000000e+01   3.7962670e-02
   6.3200000e+01   4.0000000e+00   4.0000000e+00   5.0616893e-03
   6.3300000e+01  -1.4000000e+01  -1.4000000e+01  -1.7715913e-02
   6.3400000e+01   1.5000000e+01   1.5000000e+01   1.8981335e-02
   6.3500000e+01   2.4000000e+01   2.4000000e+01   3.0370136e-02
   6.3600000e+01   3.3000000e+01   3.3000000e+01   4.1758937e-02
   6.3700000e+01   2.0000000e+01   2.0000000e+01   2.5308447e-02
   6.3800000e+01   6.0000000e+00   6.0000000e+00   7.5925340e-03
   6.3900000e+01  -1.7000000e+01  -1.7000000e+01  -2.1512180e-02
   6.4000000e+01   1.7000000e+01   1.7000000e+01   2.1512180e-02
   6.4100000e+01   4.0000000e+00   4.0000000e+00   5.0616893e-03
   6.4200000e+01   0.0000000e+00   0.0000000e+00   0.0000000e+00
   6.4300000e+01  -6.0000000e+00  -6.0000000e+00  -7.5925340e-03
   6.4400000e+01   2.3000000e+01   2.3000000e+01   2.9104714e-02
   6.4500000e+01  -2.6000000e+01  -2.6000000e+01  -3.2900981e-02
   6.4600000e+01   9.0000000e+00   9.0000000e+00   1.1388801e-02
   6.4700000e+01   0.0000000e+00   0.0000000e+00   0.0000000e+00
   6.4800000e+01  -2.0000000e+00  -2.0000000e+00  -2.5308447e-03
   6.4900000e+01  -1.9000000e+01  -1.9000000e+01  -2.4043024e-02
   6.5000000e+01   1.7000000e+01   1.7000000e+01   2.1512180e-02
   6.5100000e+01   2.0000000e+00   2.0000000e+00   2.5308447e-03
   6.5200000e+01  -1.5000000e+01  -1.5000000e+01  -1.8981335e-02
   6.5300000e+01  -1.2000000e+01  -1.2000000e+01  -1.5185068e-02
   6.5400000e+01  -1.4000000e+01  -1.4000000e+01  -1.7715913e-02
   6.5500000e+01   4.0000000e+00   4.0000000e+00   5.0616893e-03
   6.5600000e+01   5.0000000e+00   5.0000000e+00   6.3271117e-03
   6.5700000e+01   1.4000000e+01   1.4000000e+01   1.7715913e-02
   6.5800000e+01  -1.0000000e+00  -1.0000000e+00  -1.2654223e-03
   6.5900000e+01  -1.2000000e+01  -1.2000000e+01  -1.5185068e-02
   6.6000000e+01   5.0000000e+00   5.0000000e+00   6.3271117e-03
   6.6100000e+01   6.0000000e+00   6.0000000e+00   7.5925340e-03
   6.6200000e+01   7.0000000e+00   7.0000000e+00   8.8579563e-03
   6.6300000e+01   7.0000000e+00   7.0000000e+00   8.8579563e-03
   6.6400000e+01  -2.3000000e+01  -2.3000000e+01  -2.9104714e-02
   6.6500000e+01   1.4000000e+01   1.4000000e+01   1.7715913e-02
   6.6600000e+01  -8.0000000e+00  -8.0000000e+00  -1.0123379e-02
   6.6700000e+01  -2.0000000e+00  -2.0000000e+00  -2.5308447e-03
   6.6800000e+01   1.0000000e+00   1.0000000e+00   1.2654223e-03
   6.6900000e+01   7.0000000e+00   7.0000000e+00   8.8579563e-03
   6.7000000e+01  -3.0000000e+00  -3.0000000e+00  -3.7962670e-03
   6.7100000e+01   1.0000000e+00   1.0000000e+00   1.2654223e-03
   6.7200000e+01   5.0000000e+00   5.0000000e+00   6.3271117e-03
   6.7300000e+01  -1.7000000e+01  -1.7000000e+01  -2.1512180e-02
   6.7400000e+01   8.0000000e+00   8.0000000e+00   1.0123379e-02
   6.7500000e+01   4.0000000e+00   4.0000000e+00   5.0616893e-03
   6.7600000e+01  -1.5000000e+01  -1.5000000e+01  -1.8981335e-02
   6.7700000e+01  -1.2000000e+01  -1.2000000e+01  -1.5185068e-02
   6.7800000e+01  -8.0000000e+00  -8.0000000e+00  -1.0123379e-02
   6.7900000e+01   2.2000000e+01   2.2000000e+01   2.7839291e-02
   6.8000000e+01   2.0000000e+01   2.0000000e+01   2.5308447e-02
   6.8100000e+01   3.0000000e+00   3.0000000e+00   3.7962670e-03
   6.8200000e+01  -7.0000000e+00  -7.0000000e+00  -8.8579563e-03
   6.8300000e+01   1.0000000e+01   1.0000000e+01   1.2654223e-02
   6.8400000e+01   2.5000000e+01   2.5000000e+01   3.1635558e-02
   6.8500000e+01  -4.0000000e+00  -4.0000000e+00  -5.0616893e-03
   6.8600000e+01   1.5000000e+01   1.5000000e+01   1.8981335e-02
   6.8700000e+01   8.0000000e+00   8.0000000e+00   1.0123379e-02
   6.8800000e+01   7.0000000e+00   7.0000000e+00   8.8579563e-03
   6.8900000e+01  -1.8000000e+01  -1.8000000e+01  -2.2777602e-02
   6.9000000e+01   4.0000000e+00   4.0000000e+00   5.0616893e-03
   6.9100000e+01   2.4000000e+01   2.4000000e+01   3.0370136e-02
   6.9200000e+01  -2.0000000e+00  -2.0000000e+00  -2.5308447e-03
   6.9300000e+01  -1.0000000e+01  -1.0000000e+01  -1.2654223e-02
   6.9400000e+01   1.0000000e+01   1.0000000e+01   1.2654223e-02
   6.9500000e+01  -9.0000000e+00  -9.0000000e+00  -1.1388801e-02
   6.9600000e+01  -7.0000000e+00  -7.0000000e+00  -8.8579563e-03
   6.9700000e+01  -2.0000000e+01  -2.0000000e+01  -2.5308447e-02
   6.9800000e+01   9.0000000e+00   9.0000000e+00   1.1388801e-02
   6.9900000e+01   2.0000000e+01   2.0000000e+01   2.5308447e-02
   7.0000000e+01   1.9000000e+01   1.9000000e+01   2.4043024e-02
   7.0100000e+01  -1.0000000e+00  -1.0000000e+00  -1.2654223e-03
   7.0200000e+01   0.0000000e+00   0.0000000e+00   0.0000000e+00
   7.0300000e+01  -1.0000000e+01  -1.0000000e+01  -1.2654223e-02
   7.0400000e+01   1.0000000e+00   1.0000000e+00   1.2654223e-03
   7.0500000e+01  -1.2000000e+01  -1.2000000e+01  -1.5185068e-02
   7.0600000e+01   2.7000000e+01   2.7000000e+01   3.4166403e-02
   7.0700000e+01   1.7000000e+01   1.7000000e+01   2.1512180e-02
   7.0800000e+01  -5.0000000e+00  -5.0000000e+00  -6.3271117e-03
   7.0900000e+01  -6.0000000e+00  -6.0000000e+00  -7.5925340e-03
   7.1000000e+01   8.0000000e+00   8.0000000e+00   1.0123379e-02
   7.1100000e+01   1.0000000e+00   1.0000000e+00   1.2654223e-03
   7.1200000e+01  -2.0000000e+00  -2.0000000e+00  -2.5308447e-03
   7.1300000e+01  -1.7000000e+01  -1.7000000e+01  -2.1512180e-02
   7.1400000e+01  -1.2000000e+01  -1.2000000e+01  -1.5185068e-02
   7.1500000e+01   2.0000000e+01   2.0000000e+01   2.5308447e-02
   7.1600000e+01  -4.0000000e+00  -4.0000000e+00  -5.0616893e-03
   7.1700000e+01  -2.0000000e+01  -2.0000000e+01  -2.5308447e-02
   7.1800000e+01   1.0000000e+00   1.0000000e+00   1.2654223e-03
   7.1900000e+01  -3.0000000e+00  -3.0000000e+00  -3.7962670e-03
   7.2000000e+01  -2.2000000e+01  -2.2000000e+01  -2.7839291e-02
   7.2100000e+01  -9.0000000e+00  -9.0000000e+00  -1.1388801e-02
   7.2200000e+01  -3.0000000e+00  -3.0000000e+00  -3.7962670e-03
   7.2300000e+01   1.4000000e+01   1.4000000e+01   1.7715913e-02
   7.2400000e+01  -4.0000000e+00  -4.0000000e+00  -5.0616893e-03
   7.2500000e+01   2.8000000e+01   2.8000000e+01   3.5431825e-02
   7.2600000e+01  -1.7000000e+01  -1.7000000e+01  -2.1512180e-02
   7.2700000e+01   2.0000000e+00   2.0000000e+00   2.5308447e-03
   7.2800000e+01   1.0000000e+01   1.0000000e+01   1.2654223e-02
   7.2900000e+01   9.0000000e+00   9.0000000e+00   1.1388801e-02
   7.3000000e+01   8.0000000e+00   8.0000000e+00   1.0123379e-02
   7.3100000e+01   0.0000000e+00   0.0000000e+00   0.0000000e+00
   7.3200000e+01  -3.0000000e+00  -3.0000000e+00  -3.7962670e-03
   7.3300000e+01   1.0000000e+01   1.0000000e+01   1.2654223e-02
   7.3400000e+01   1.7000000e+01   1.7000000e+01   2.1512180e-02
   7.3500000e+01  -2.9000000e+01  -2.9000000e+01  -3.6697248e-02
   7.3600000e+01  -5.0000000e+00  -5.0000000e+00  -6.3271117e-03
   7.3700000e+01   2.0000000e+01   2.0000000e+01   2.5308447e-02
   7.3800000e+01  -8.0000000e+00  -8.0000000e+00  -1.0123379e-02
   7.3900000e+01   1.7000000e+01   1.7000000e+01   2.1512180e-02
   7.4000000e+01  -2.3000000e+01  -2.3000000e+01  -2.9104714e-02
   7.4100000e+01  -1.0000000e+01  -1.0000000e+01  -1.2654223e-02
   7.4200000e+01   6.0000000e+00   6.0000000e+00   7.5925340e-03
   7.4300000e+01  -3.0000000e+00  -3.0000000e+00  -3.7962670e-03
   7.4400000e+01   1.0000000e+01   1.0000000e+01   1.2654223e-02
   7.4500000e+01   8.0000000e+00   8.0000000e+00   1.0123379e-02
   7.4600000e+01   2.0000000e+01   2.0000000e+01   2.5308447e-02
   7.4700000e+01  -1.0000000e+00  -1.0000000e+00  -1.2654223e-03
   7.4800000e+01  -1.0000000e+01  -1.0000000e+01  -1.2654223e-02
   7.4900000e+01   2.0000000e+00   2.0000000e+00   2.5308447e-03
   7.5000000e+01  -6.0000000e+00  -6.0000000e+00  -7.5925340e-03
   7.5100000e+01  -4.5000000e+01  -4.5000000e+01  -5.6944005e-02
   7.5200000e+01  -1.0000000e+01  -1.0000000e+01  -1.2654223e-02
   7.5300000e+01  -2.4000000e+01  -2.4000000e+01  -3.0370136e-02
   7.5400000e+01  -2.6000000e+01  -2.6000000e+01  -3.2900981e-02
   7.5500000e+01  -1.0000000e+00  -1.0000000e+00  -1.2654223e-03
   7.5600000e+01   2.0000000e+00   2.0000000e+00   2.5308447e-03
   7.5700000e+01  -2.8000000e+01  -2.8000000e+01  -3.5431825e-02
   7.5800000e+01   8.0000000e+00   8.0000000e+00   1.0123379e-02
   7.5900000e+01   1.6000000e+01   1.6000000e+01   2.0246757e-02
   7.6000000e+01   2.6000000e+01   2.6000000e+01   3.2900981e-02
   7.6100000e+01  -9.0000000e+00  -9.0000000e+00  -1.1388801e-02
   7.6200000e+01  -3.0000000e+00  -3.0000000e+00  -3.7962670e-03
   7.6300000e+01   1.3000000e+01   1.3000000e+01   1.6450490e-02
   7.6400000e+01   6.0000000e+00   6.0000000e+00   7.5925340e-03
   7.6500000e+01   5.0000000e+00   5.0000000e+00   6.3271117e-03
   7.6600000e+01   0.0000000e+00   0.0000000e+00   0.0000000e+00
   7.6700000e+01   0.0000000e+00   0.0000000e+00   0.0000000e+00
   7.6800000e+01  -9.0000000e+00  -9.0000000e+00  -1.1388801e-02
   7.6900000e+01   1.0000000e+01   1.0000000e+01   1.2654223e-02
   7.7000000e+01  -3.2000000e+01  -3.2000000e+01  -4.0493515e-02
   7.7100000e+01   1.0000000e+01   1.0000000e+01   1.2654223e-02
   7.7200000e+01   1.0000000e+01   1.0000000e+01   1.2654223e-02
   7.7300000e+01   3.8000000e+01   3.8000000e+01   4.8086049e-02
   7.7400000e+01   0.0000000e+00   0.0000000e+00   0.0000000e+00
   7.7500000e+01   1.0000000e+00   1.0000000e+00   1.2654223e-03
   7.7600000e+01  -1.8000000e+01  -1.8000000e+01  -2.2777602e-02
   7.7700000e+01  -1.1000000e+01  -1.1000000e+01  -1.3919646e-02
   7.7800000e+01  -1.4000000e+01  -1.4000000e+01  -1.7715913e-02
   7.7900000e+01  -2.0000000e+00  -2.0000000e+00  -2.5308447e-03
   7.8000000e+01   2.0000000e+00   2.0000000e+00   2.5308447e-03
   7.8100000e+01  -2.1000000e+01  -2.1000000e+01  -2.6573869e-02
   7.8200000e+01  -2.6000000e+01  -2.6000000e+01  -3.2900981e-02
   7.8300000e+01   1.0000000e+01   1.0000000e+01   1.2654223e-02
   7.8400000e+01  -2.9000000e+01  -2.9000000e+01  -3.6697248e-02
   7.8500000e+01  -1.3000000e+01  -1.3000000e+01  -1.6450490e-02
   7.8600000e+01   2.0000000e+00   2.0000000e+00   2.5308447e-03
   7.8700000e+01  -2.0000000e+00  -2.0000000e+00  -2.5308447e-03
   7.8800000e+01   2.0000000e+01   2.0000000e+01   2.5308447e-02
   7.8900000e+01   1.0000000e+00   1.0000000e+00   1.2654223e-03
   7.9000000e+01   4.3000000e+01   4.3000000e+01   5.4413160e-02
   7.9100000e+01  -2.0000000e+00  -2.0000000e+00  -2.5308447e-03
