   0.0000000e+00   1.9300000e+02   1.9300000e+02   2.0230608e-01
   1.0000000e-01   1.1560000e+03   1.1560000e+03   1.2117400e+00
   2.0000000e-01   1.1270000e+03   1.1270000e+03   1.1813417e+00
   3.0000000e-01   8.0700000e+02   8.0700000e+02   8.4591195e-01
   4.0000000e-01   7.2600000e+02   7.2600000e+02   7.6100629e-01
   5.0000000e-01   7.8300000e+02   7.8300000e+02   8.2075472e-01
   6.0000000e-01   7.9200000e+02   7.9200000e+02   8.3018868e-01
   7.0000000e-01   8.5400000e+02   8.5400000e+02   8.9517820e-01
   8.0000000e-01   8.3900000e+02   8.3900000e+02   8.7945493e-01
   9.0000000e-01   8.2800000e+02   8.2800000e+02   8.6792453e-01
   1.0000000e+00   8.0900000e+02   8.0900000e+02   8.4800839e-01
   1.1000000e+00   8.1700000e+02   8.1700000e+02   8.5639413e-01
   1.2000000e+00   8.3400000e+02   8.3400000e+02   8.7421384e-01
   1.3000000e+00   8.1100000e+02   8.1100000e+02   8.5010482e-01
   1.4000000e+00   7.7300000e+02   7.7300000e+02   8.1027254e-01
   1.5000000e+00   8.4400000e+02   8.4400000e+02   8.8469602e-01
   1.6000000e+00   5.6900000e+02   5.6900000e+02   5.9643606e-01
   1.7000000e+00   4.9500000e+02   4.9500000e+02   5.1886792e-01
   1.8000000e+00   4.9900000e+02   4.9900000e+02   5.2306080e-01
   1.9000000e+00   5.0400000e+02   5.0400000e+02   5.2830189e-01
   2.0000000e+00   5.5900000e+02   5.5900000e+02   5.8595388e-01
   2.1000000e+00   5.1200000e+02   5.1200000e+02   5.3668763e-01
   2.2000000e+00   4.6700000e+02   4.6700000e+02   4.8951782e-01
   2.3000000e+00   4.6400000e+02   4.6400000e+02   4.8637317e-01
   2.4000000e+00   5.8900000e+02   5.8900000e+02   6.1740042e-01
   2.5000000e+00   5.1500000e+02   5.1500000e+02   5.3983229e-01
   2.6000000e+00   5.5200000e+02   5.5200000e+02   5.7861635e-01
   2.7000000e+00   4.8200000e+02   4.8200000e+02   5.0524109e-01
   2.8000000e+00   5.2500000e+02   5.2500000e+02   5.5031447e-01
   2.9000000e+00   5.6000000e+02   5.6000000e+02   5.8700210e-01
   3.0000000e+00   5.9000000e+02   5.9000000e+02   6.1844864e-01
   3.1000000e+00   5.2800000e+02   5.2800000e+02   5.5345912e-01
   3.2000000e+00   4.9800000e+02   4.9800000e+02   5.2201258e-01
   3.3000000e+00   5.8000000e+02   5.8000000e+02   6.0796646e-01
   3.4000000e+00   6.0400000e+02   6.0400000e+02   6.3312369e-01
   3.5000000e+00   5.9000000e+02   5.9000000e+02   6.1844864e-01
   3.6000000e+00   5.3500000e+02   5.3500000e+02   5.6079665e-01
   3.7000000e+00   5.2500000e+02   5.2500000e+02   5.5031447e-01
   3.8000000e+00   5.4900000e+02   5.4900000e+02   5.7547170e-01
   3.9000000e+00   5.1300000e+02   5.1300000e+02   5.3773585e-01
   4.0000000e+00   5.3500000e+02   5.3500000e+02   5.6079665e-01
   4.1000000e+00   5.8600000e+02   5.8600000e+02   6.1425577e-01
   4.2000000e+00   5.4600000e+02   5.4600000e+02   5.7232704e-01
   4.3000000e+00   6.1100000e+02   6.1100000e+02   6.4046122e-01
   4.4000000e+00   5.3000000e+02   5.3000000e+02   5.5555556e-01
   4.5000000e+00   5.8700000e+02   5.8700000e+02   6.1530398e-01
   4.6000000e+00   5.3700000e+02   5.3700000e+02   5.6289308e-01
   4.7000000e+00   5.7500000e+02   5.7500000e+02   6.0272537e-01
   4.8000000e+00   5.8400000e+02   5.8400000e+02   6.1215933e-01
   4.9000000e+00   5.4100000e+02   5.4100000e+02   5.6708595e-01
   5.0000000e+00   5.9900000e+02   5.9900000e+02   6.2788260e-01
   5.1000000e+00   6.0800000e+02   6.0800000e+02   6.3731656e-01
   5.2000000e+00   4.9400000e+02   4.9400000e+02   5.1781971e-01
   5.3000000e+00   4.8900000e+02   4.8900000e+02   5.1257862e-01
   5.4000000e+00   3.1600000e+02   3.1600000e+02   3.3123690e-01
   5.5000000e+00   2.4200000e+02   2.4200000e+02   2.5366876e-01
   5.6000000e+00   3.0000000e+02   3.0000000e+02   3.1446541e-01
   5.7000000e+00   2.7200000e+02   2.7200000e+02   2.8511530e-01
   5.8000000e+00   2.4600000e+02   2.4600000e+02   2.5786164e-01
   5.9000000e+00   3.0900000e+02   3.0900000e+02   3.2389937e-01
   6.0000000e+00   2.6600000e+02   2.6600000e+02   2.7882600e-01
   6.1000000e+00   2.8100000e+02   2.8100000e+02   2.9454927e-01
   6.2000000e+00   2.8000000e+02   2.8000000e+02   2.9350105e-01
   6.3000000e+00   3.0300000e+02   3.0300000e+02   3.1761006e-01
   6.4000000e+00   2.9400000e+02   2.9400000e+02   3.0817610e-01
   6.5000000e+00   2.9500000e+02   2.9500000e+02   3.0922432e-01
   6.6000000e+00   3.1300000e+02   3.1300000e+02   3.2809224e-01
   6.7000000e+00   3.4100000e+02   3.4100000e+02   3.5744235e-01
   6.8000000e+00   2.3700000e+02   2.3700000e+02   2.4842767e-01
   6.9000000e+00   2.4200000e+02   2.4200000e+02   2.5366876e-01
   7.0000000e+00   3.0200000e+02   3.0200000e+02   3.1656184e-01
   7.1000000e+00   2.9300000e+02   2.9300000e+02   3.0712788e-01
   7.2000000e+00   2.4800000e+02   2.4800000e+02   2.5995807e-01
   7.3000000e+00   2.8100000e+02   2.8100000e+02   2.9454927e-01
   7.4000000e+00   2.7600000e+02   2.7600000e+02   2.8930818e-01
   7.5000000e+00   2.6200000e+02   2.6200000e+02   2.7463312e-01
   7.6000000e+00   2.5300000e+02   2.5300000e+02   2.6519916e-01
   7.7000000e+00   2.4700000e+02   2.4700000e+02   2.5890985e-01
   7.8000000e+00   2.4100000e+02   2.4100000e+02   2.5262055e-01
   7.9000000e+00   2.6600000e+02   2.6600000e+02   2.7882600e-01
   8.0000000e+00   2.8200000e+02   2.8200000e+02   2.9559748e-01
   8.1000000e+00   2.2400000e+02   2.2400000e+02   2.3480084e-01
   8.2000000e+00   2.6200000e+02   2.6200000e+02   2.7463312e-01
   8.3000000e+00   2.3500000e+02   2.3500000e+02   2.4633124e-01
   8.4000000e+00   2.5900000e+02   2.5900000e+02   2.7148847e-01
   8.5000000e+00   2.5900000e+02   2.5900000e+02   2.7148847e-01
   8.6000000e+00   2.2800000e+02   2.2800000e+02   2.3899371e-01
   8.7000000e+00   2.3600000e+02   2.3600000e+02   2.4737945e-01
   8.8000000e+00   2.2700000e+02   2.2700000e+02   2.3794549e-01
   8.9000000e+00   3.2300000e+02   3.2300000e+02   3.3857442e-01
   9.0000000e+00   3.1200000e+02   3.1200000e+02   3.2704403e-01
   9.1000000e+00   2.5100000e+02   2.5100000e+02   2.6310273e-01
   9.2000000e+00   2.9500000e+02   2.9500000e+02   3.0922432e-01
   9.3000000e+00   2.7300000e+02   2.7300000e+02   2.8616352e-01
   9.4000000e+00   2.8900000e+02   2.8900000e+02   3.0293501e-01
   9.5000000e+00   2.6800000e+02   2.6800000e+02   2.8092243e-01
   9.6000000e+00   2.4300000e+02   2.4300000e+02   2.5471698e-01
   9.7000000e+00   2.4200000e+02   2.4200000e+02   2.5366876e-01
   9.8000000e+00   2.8600000e+02   2.8600000e+02   2.9979036e-01
   9.9000000e+00   2.8100000e+02   2.8100000e+02   2.9454927e-01
   1.0000000e+01   2.3900000e+02   2.3900000e+02   2.5052411e-01
   1.0100000e+01   2.7300000e+02   2.7300000e+02   2.8616352e-01
   1.0200000e+01   3.1000000e+02   3.1000000e+02   3.2494759e-01
   1.0300000e+01   2.7000000e+02   2.7000000e+02   2.8301887e-01
   1.0400000e+01   2.3100000e+02   2.3100000e+02   2.4213836e-01
   1.0500000e+01   2.4300000e+02   2.4300000e+02   2.5471698e-01
   1.0600000e+01   2.7400000e+02   2.7400000e+02   2.8721174e-01
   1.0700000e+01   2.0200000e+02   2.0200000e+02   2.1174004e-01
   1.0800000e+01   2.3100000e+02   2.3100000e+02   2.4213836e-01
   1.0900000e+01   2.4000000e+02   2.4000000e+02   2.5157233e-01
   1.1000000e+01   2.7000000e+02   2.7000000e+02   2.8301887e-01
   1.1100000e+01   3.2000000e+02   3.2000000e+02   3.3542977e-01
   1.1200000e+01   3.0700000e+02   3.0700000e+02   3.2180294e-01
   1.1300000e+01   2.0300000e+02   2.0300000e+02   2.1278826e-01
   1.1400000e+01   2.6900000e+02   2.6900000e+02   2.8197065e-01
   1.1500000e+01   2.2700000e+02   2.2700000e+02   2.3794549e-01
   1.1600000e+01   2.8600000e+02   2.8600000e+02   2.9979036e-01
   1.1700000e+01   2.9100000e+02   2.9100000e+02   3.0503145e-01
   1.1800000e+01   2.6000000e+02   2.6000000e+02   2.7253669e-01
   1.1900000e+01   2.7300000e+02   2.7300000e+02   2.8616352e-01
   1.2000000e+01   2.6800000e+02   2.6800000e+02   2.8092243e-01
   1.2100000e+01   1.8800000e+02   1.8800000e+02   1.9706499e-01
   1.2200000e+01   2.0000000e+00   2.0000000e+00   2.0964361e-03
   1.2300000e+01  -1.8000000e+01  -1.8000000e+01  -1.8867925e-02
   1.2400000e+01  -4.0000000e+00  -4.0000000e+00  -4.1928721e-03
   1.2500000e+01  -1.4000000e+01  -1.4000000e+01  -1.4675052e-02
   1.2600000e+01   1.1900000e+02   1.1900000e+02   1.2473795e-01
   1.2700000e+01   2.2000000e+01   2.2000000e+01   2.3060797e-02
   1.2800000e+01  -1.6000000e+01  -1.6000000e+01  -1.6771488e-02
   1.2900000e+01   7.0000000e+00   7.0000000e+00   7.3375262e-03
   1.3000000e+01   1.1000000e+01   1.1000000e+01   1.1530398e-02
   1.3100000e+01  -9.0000000e+00  -9.0000000e+00  -9.4339623e-03
   1.3200000e+01  -2.4000000e+01  -2.4000000e+01  -2.5157233e-02
   1.3300000e+01  -2.0000000e+00  -2.0000000e+00  -2.0964361e-03
   1.3400000e+01  -3.1000000e+01  -3.1000000e+01  -3.2494759e-02
   1.3500000e+01   1.2000000e+01   1.2000000e+01   1.2578616e-02
   1.3600000e+01   5.0000000e+00   5.0000000e+00   5.2410901e-03
   1.3700000e+01   3.1000000e+01   3.1000000e+01   3.2494759e-02
   1.3800000e+01   1.0000000e+01   1.0000000e+01   1.0482180e-02
   1.3900000e+01  -2.6000000e+01  -2.6000000e+01  -2.7253669e-02
   1.4000000e+01   3.0000000e+00   3.0000000e+00   3.1446541e-03
   1.4100000e+01  -1.3000000e+01  -1.3000000e+01  -1.3626834e-02
   1.4200000e+01   2.0000000e+00   2.0000000e+00   2.0964361e-03
   1.4300000e+01   1.3000000e+01   1.3000000e+01   1.3626834e-02
   1.4400000e+01   3.0000000e+01   3.0000000e+01   3.1446541e-02
   1.4500000e+01  -2.9000000e+01  -2.9000000e+01  -3.0398323e-02
   1.4600000e+01  -7.0000000e+00  -7.0000000e+00  -7.3375262e-03
   1.4700000e+01  -3.0000000e+00  -3.0000000e+00  -3.1446541e-03
   1.4800000e+01  -3.6000000e+01  -3.6000000e+01  -3.7735849e-02
   1.4900000e+01  -4.5000000e+01  -4.5000000e+01  -4.7169811e-02
   1.5000000e+01  -2.0000000e+00  -2.0000000e+00  -2.0964361e-03
   1.5100000e+01  -1.7000000e+01  -1.7000000e+01  -1.7819706e-02
   1.5200000e+01  -1.9000000e+01  -1.9000000e+01  -1.9916143e-02
   1.5300000e+01  -7.0000000e+00  -7.0000000e+00  -7.3375262e-03
   1.5400000e+01  -1.4000000e+01  -1.4000000e+01  -1.4675052e-02
   1.5500000e+01  -9.0000000e+00  -9.0000000e+00  -9.4339623e-03
   1.5600000e+01  -1.1000000e+01  -1.1000000e+01  -1.1530398e-02
   1.5700000e+01   1.0000000e+01   1.0000000e+01   1.0482180e-02
   1.5800000e+01  -2.5000000e+01  -2.5000000e+01  -2.6205451e-02
   1.5900000e+01  -1.0000000e+01  -1.0000000e+01  -1.0482180e-02
   1.6000000e+01   5.0000000e+00   5.0000000e+00   5.2410901e-03
   1.6100000e+01  -7.0000000e+00  -7.0000000e+00  -7.3375262e-03
   1.6200000e+01   1.0000000e+00   1.0000000e+00   1.0482180e-03
   1.6300000e+01   2.5000000e+01   2.5000000e+01   2.6205451e-02
   1.6400000e+01   1.0000000e+01   1.0000000e+01   1.0482180e-02
   1.6500000e+01  -2.3000000e+01  -2.3000000e+01  -2.4109015e-02
   1.6600000e+01  -5.0000000e+00  -5.0000000e+00  -5.2410901e-03
   1.6700000e+01  -7.0000000e+00  -7.0000000e+00  -7.3375262e-03
   1.6800000e+01   8.0000000e+00   8.0000000e+00   8.3857442e-03
   1.6900000e+01  -5.0000000e+00  -5.0000000e+00  -5.2410901e-03
   1.7000000e+01   0.0000000e+00   0.0000000e+00   0.0000000e+00
   1.7100000e+01  -1.6000000e+01  -1.6000000e+01  -1.6771488e-02
   1.7200000e+01  -1.0000000e+00  -1.0000000e+00  -1.0482180e-03
   1.7300000e+01  -1.1000000e+01  -1.1000000e+01  -1.1530398e-02
   1.7400000e+01   3.0000000e+00   3.0000000e+00   3.1446541e-03
   1.7500000e+01   2.0000000e+00   2.0000000e+00   2.0964361e-03
   1.7600000e+01  -2.0000000e+00  -2.0000000e+00  -2.0964361e-03
   1.7700000e+01   5.0000000e+00   5.0000000e+00   5.2410901e-03
   1.7800000e+01  -6.0000000e+00  -6.0000000e+00  -6.2893082e-03
   1.7900000e+01  -4.0000000e+00  -4.0000000e+00  -4.1928721e-03
   1.8000000e+01   5.0000000e+00   5.0000000e+00   5.2410901e-03
   1.8100000e+01  -1.5000000e+01  -1.5000000e+01  -1.5723270e-02
   1.8200000e+01   1.0000000e+01   1.0000000e+01   1.0482180e-02
   1.8300000e+01  -1.7000000e+01  -1.7000000e+01  -1.7819706e-02
   1.8400000e+01  -1.5000000e+01  -1.5000000e+01  -1.5723270e-02
   1.8500000e+01   1.7000000e+01   1.7000000e+01   1.7819706e-02
   1.8600000e+01   4.0000000e+00   4.0000000e+00   4.1928721e-03
   1.8700000e+01   9.0000000e+00   9.0000000e+00   9.4339623e-03
   1.8800000e+01   6.0000000e+00   6.0000000e+00   6.2893082e-03
   1.8900000e+01   2.9000000e+01   2.9000000e+01   3.0398323e-02
   1.9000000e+01   3.3000000e+01   3.3000000e+01   3.4591195e-02
   1.9100000e+01  -6.0000000e+00  -6.0000000e+00  -6.2893082e-03
   1.9200000e+01  -9.0000000e+00  -9.0000000e+00  -9.4339623e-03
   1.9300000e+01  -3.0000000e+00  -3.0000000e+00  -3.1446541e-03
   1.9400000e+01   3.3000000e+01   3.3000000e+01   3.4591195e-02
   1.9500000e+01   5.0000000e+00   5.0000000e+00   5.2410901e-03
   1.9600000e+01  -1.0000000e+00  -1.0000000e+00  -1.0482180e-03
   1.9700000e+01   4.5000000e+01   4.5000000e+01   4.7169811e-02
   1.9800000e+01  -6.0000000e+00  -6.0000000e+00  -6.2893082e-03
   1.9900000e+01   1.0000000e+01   1.0000000e+01   1.0482180e-02
   2.0000000e+01  -4.0000000e+00  -4.0000000e+00  -4.1928721e-03
   2.0100000e+01  -1.0000000e+00  -1.0000000e+00  -1.0482180e-03
   2.0200000e+01  -8.0000000e+00  -8.0000000e+00  -8.3857442e-03
   2.0300000e+01   1.5000000e+01   1.5000000e+01   1.5723270e-02
   2.0400000e+01  -1.0000000e+00  -1.0000000e+00  -1.0482180e-03
   2.0500000e+01   1.5000000e+01   1.5000000e+01   1.5723270e-02
   2.0600000e+01  -4.0000000e+00  -4.0000000e+00  -4.1928721e-03
   2.0700000e+01  -1.1000000e+01  -1.1000000e+01  -1.1530398e-02
   2.0800000e+01  -1.1000000e+01  -1.1000000e+01  -1.1530398e-02
   2.0900000e+01   8.0000000e+00   8.0000000e+00   8.3857442e-03
   2.1000000e+01  -3.9000000e+01  -3.9000000e+01  -4.0880503e-02
   2.1100000e+01   1.3000000e+01   1.3000000e+01   1.3626834e-02
   2.1200000e+01   5.0000000e+00   5.0000000e+00   5.2410901e-03
   2.1300000e+01   4.0000000e+00   4.0000000e+00   4.1928721e-03
   2.1400000e+01   7.0000000e+00   7.0000000e+00   7.3375262e-03
   2.1500000e+01  -1.4000000e+01  -1.4000000e+01  -1.4675052e-02
   2.1600000e+01  -1.6000000e+01  -1.6000000e+01  -1.6771488e-02
   2.1700000e+01   1.1000000e+01   1.1000000e+01   1.1530398e-02
   2.1800000e+01   2.0000000e+01   2.0000000e+01   2.0964361e-02
   2.1900000e+01   1.8000000e+01   1.8000000e+01   1.8867925e-02
   2.2000000e+01   1.2000000e+01   1.2000000e+01   1.2578616e-02
   2.2100000e+01  -1.0000000e+00  -1.0000000e+00  -1.0482180e-03
   2.2200000e+01  -3.0000000e+00  -3.0000000e+00  -3.1446541e-03
   2.2300000e+01  -1.6000000e+01  -1.6000000e+01  -1.6771488e-02
   2.2400000e+01   5.0000000e+00   5.0000000e+00   5.2410901e-03
   2.2500000e+01  -1.7000000e+01  -1.7000000e+01  -1.7819706e-02
   2.2600000e+01   4.0000000e+00   4.0000000e+00   4.1928721e-03
   2.2700000e+01   1.8000000e+01   1.8000000e+01   1.8867925e-02
   2.2800000e+01  -1.8000000e+01  -1.8000000e+01  -1.8867925e-02
   2.2900000e+01   8.0000000e+00   8.0000000e+00   8.3857442e-03
   2.3000000e+01   7.0000000e+00   7.0000000e+00   7.3375262e-03
   2.3100000e+01   1.1000000e+01   1.1000000e+01   1.1530398e-02
   2.3200000e+01   3.0000000e+00   3.0000000e+00   3.1446541e-03
   2.3300000e+01  -2.0000000e+00  -2.0000000e+00  -2.0964361e-03
   2.3400000e+01   8.0000000e+00   8.0000000e+00   8.3857442e-03
   2.3500000e+01  -1.9000000e+01  -1.9000000e+01  -1.9916143e-02
   2.3600000e+01   9.0000000e+00   9.0000000e+00   9.4339623e-03
   2.3700000e+01  -7.0000000e+00  -7.0000000e+00  -7.3375262e-03
   2.3800000e+01   1.8000000e+01   1.8000000e+01   1.8867925e-02
   2.3900000e+01  -1.7000000e+01  -1.7000000e+01  -1.7819706e-02
   2.4000000e+01   1.0000000e+01   1.0000000e+01   1.0482180e-02
   2.4100000e+01   1.0000000e+01   1.0000000e+01   1.0482180e-02
   2.4200000e+01  -8.0000000e+00  -8.0000000e+00  -8.3857442e-03
   2.4300000e+01  -3.2000000e+01  -3.2000000e+01  -3.3542977e-02
   2.4400000e+01  -2.0000000e+00  -2.0000000e+00  -2.0964361e-03
   2.4500000e+01  -2.0000000e+00  -2.0000000e+00  -2.0964361e-03
   2.4600000e+01   2.4000000e+01   2.4000000e+01   2.5157233e-02
   2.4700000e+01  -1.0000000e+00  -1.0000000e+00  -1.0482180e-03
   2.4800000e+01   2.4000000e+01   2.4000000e+01   2.5157233e-02
   2.4900000e+01  -2.0000000e+01  -2.0000000e+01  -2.0964361e-02
   2.5000000e+01  -1.5000000e+01  -1.5000000e+01  -1.5723270e-02
   2.5100000e+01  -2.0000000e+00  -2.0000000e+00  -2.0964361e-03
   2.5200000e+01   1.8000000e+01   1.8000000e+01   1.8867925e-02
   2.5300000e+01   1.9000000e+01   1.9000000e+01   1.9916143e-02
   2.5400000e+01  -9.0000000e+00  -9.0000000e+00  -9.4339623e-03
   2.5500000e+01   5.8000000e+01   5.8000000e+01   6.0796646e-02
   2.5600000e+01  -4.0000000e+00  -4.0000000e+00  -4.1928721e-03
   2.5700000e+01   3.0000000e+00   3.0000000e+00   3.1446541e-03
   2.5800000e+01   4.1000000e+01   4.1000000e+01   4.2976939e-02
   2.5900000e+01   2.0000000e+00   2.0000000e+00   2.0964361e-03
   2.6000000e+01   0.0000000e+00   0.0000000e+00   0.0000000e+00
   2.6100000e+01   3.5000000e+01   3.5000000e+01   3.6687631e-02
   2.6200000e+01  -4.0000000e+00  -4.0000000e+00  -4.1928721e-03
   2.6300000e+01   1.0000000e+01   1.0000000e+01   1.0482180e-02
   2.6400000e+01   5.0000000e+00   5.0000000e+00   5.2410901e-03
   2.6500000e+01   8.0000000e+00   8.0000000e+00   8.3857442e-03
   2.6600000e+01  -3.3000000e+01  -3.3000000e+01  -3.4591195e-02
   2.6700000e+01  -9.0000000e+00  -9.0000000e+00  -9.4339623e-03
   2.6800000e+01  -1.8000000e+01  -1.8000000e+01  -1.8867925e-02
   2.6900000e+01  -2.2000000e+01  -2.2000000e+01  -2.3060797e-02
   2.7000000e+01  -1.1000000e+01  -1.1000000e+01  -1.1530398e-02
   2.7100000e+01   3.3000000e+01   3.3000000e+01   3.4591195e-02
   2.7200000e+01  -7.0000000e+00  -7.0000000e+00  -7.3375262e-03
   2.7300000e+01  -2.4000000e+01  -2.4000000e+01  -2.5157233e-02
   2.7400000e+01  -2.0000000e+00  -2.0000000e+00  -2.0964361e-03
   2.7500000e+01  -2.0000000e+00  -2.0000000e+00  -2.0964361e-03
   2.7600000e+01  -3.0000000e+00  -3.0000000e+00  -3.1446541e-03
   2.7700000e+01  -8.0000000e+00  -8.0000000e+00  -8.3857442e-03
   2.7800000e+01  -1.4000000e+01  -1.4000000e+01  -1.4675052e-02
   2.7900000e+01  -3.8000000e+01  -3.8000000e+01  -3.9832285e-02
   2.8000000e+01   1.7000000e+01   1.7000000e+01   1.7819706e-02
   2.8100000e+01  -1.6000000e+01  -1.6000000e+01  -1.6771488e-02
   2.8200000e+01   2.5000000e+01   2.5000000e+01   2.6205451e-02
   2.8300000e+01   9.0000000e+00   9.0000000e+00   9.4339623e-03
   2.8400000e+01   3.0000000e+00   3.0000000e+00   3.1446541e-03
   2.8500000e+01  -8.0000000e+00  -8.0000000e+00  -8.3857442e-03
   2.8600000e+01  -9.0000000e+00  -9.0000000e+00  -9.4339623e-03
   2.8700000e+01   1.0000000e+00   1.0000000e+00   1.0482180e-03
   2.8800000e+01   3.0000000e+00   3.0000000e+00   3.1446541e-03
   2.8900000e+01  -1.0000000e+01  -1.0000000e+01  -1.0482180e-02
   2.9000000e+01  -2.6000000e+01  -2.6000000e+01  -2.7253669e-02
   2.9100000e+01   2.0000000e+00   2.0000000e+00   2.0964361e-03
   2.9200000e+01  -5.0000000e+01  -5.0000000e+01  -5.2410901e-02
   2.9300000e+01   5.0000000e+00   5.0000000e+00   5.2410901e-03
   2.9400000e+01  -1.0000000e+01  -1.0000000e+01  -1.0482180e-02
   2.9500000e+01   3.7000000e+01   3.7000000e+01   3.8784067e-02
   2.9600000e+01  -1.8000000e+01  -1.8000000e+01  -1.8867925e-02
   2.9700000e+01   2.9000000e+01   2.9000000e+01   3.0398323e-02
   2.9800000e+01   0.0000000e+00   0.0000000e+00   0.0000000e+00
   2.9900000e+01   7.0000000e+00   7.0000000e+00   7.3375262e-03
   3.0000000e+01  -1.6000000e+01  -1.6000000e+01  -1.6771488e-02
   3.0100000e+01   8.0000000e+00   8.0000000e+00   8.3857442e-03
   3.0200000e+01   2.0000000e+01   2.0000000e+01   2.0964361e-02
   3.0300000e+01   2.1000000e+01   2.1000000e+01   2.2012579e-02
   3.0400000e+01  -1.6000000e+01  -1.6000000e+01  -1.6771488e-02
   3.0500000e+01   2.1000000e+01   2.1000000e+01   2.2012579e-02
   3.0600000e+01  -1.5000000e+01  -1.5000000e+01  -1.5723270e-02
   3.0700000e+01   2.0000000e+00   2.0000000e+00   2.0964361e-03
   3.0800000e+01   1.1000000e+01   1.1000000e+01   1.1530398e-02
   3.0900000e+01  -1.5000000e+01  -1.5000000e+01  -1.5723270e-02
   3.1000000e+01  -5.0000000e+00  -5.0000000e+00  -5.2410901e-03
   3.1100000e+01  -2.8000000e+01  -2.8000000e+01  -2.9350105e-02
   3.1200000e+01   1.2000000e+01   1.2000000e+01   1.2578616e-02
   3.1300000e+01  -1.9000000e+01  -1.9000000e+01  -1.9916143e-02
   3.1400000e+01  -2.0000000e+00  -2.0000000e+00  -2.0964361e-03
   3.1500000e+01  -5.0000000e+00  -5.0000000e+00  -5.2410901e-03
   3.1600000e+01   2.2000000e+01   2.2000000e+01   2.3060797e-02
   3.1700000e+01  -1.1000000e+01  -1.1000000e+01  -1.1530398e-02
   3.1800000e+01   1.5000000e+01   1.5000000e+01   1.5723270e-02
   3.1900000e+01   5.0000000e+00   5.0000000e+00   5.2410901e-03
   3.2000000e+01   1.1000000e+01   1.1000000e+01   1.1530398e-02
   3.2100000e+01  -1.6000000e+01  -1.6000000e+01  -1.6771488e-02
   3.2200000e+01   1.0000000e+01   1.0000000e+01   1.0482180e-02
   3.2300000e+01   1.8000000e+01   1.8000000e+01   1.8867925e-02
   3.2400000e+01  -1.0000000e+01  -1.0000000e+01  -1.0482180e-02
   3.2500000e+01  -1.2000000e+01  -1.2000000e+01  -1.2578616e-02
   3.2600000e+01  -9.0000000e+00  -9.0000000e+00  -9.4339623e-03
   3.2700000e+01  -2.0000000e+00  -2.0000000e+00  -2.0964361e-03
   3.2800000e+01  -8.0000000e+00  -8.0000000e+00  -8.3857442e-03
   3.2900000e+01  -1.3000000e+01  -1.3000000e+01  -1.3626834e-02
   3.3000000e+01  -1.0000000e+00  -1.0000000e+00  -1.0482180e-03
   3.3100000e+01  -3.0000000e+00  -3.0000000e+00  -3.1446541e-03
   3.3200000e+01  -1.1000000e+01  -1.1000000e+01  -1.1530398e-02
   3.3300000e+01   1.0000000e+01   1.0000000e+01   1.0482180e-02
   3.3400000e+01   1.0000000e+01   1.0000000e+01   1.0482180e-02
   3.3500000e+01  -2.8000000e+01  -2.8000000e+01  -2.9350105e-02
   3.3600000e+01   1.7000000e+01   1.7000000e+01   1.7819706e-02
   3.3700000e+01   4.0000000e+00   4.0000000e+00   4.1928721e-03
   3.3800000e+01   1.4000000e+01   1.4000000e+01   1.4675052e-02
   3.3900000e+01   2.8000000e+01   2.8000000e+01   2.9350105e-02
   3.4000000e+01   1.6000000e+01   1.6000000e+01   1.6771488e-02
   3.4100000e+01  -1.0000000e+00  -1.0000000e+00  -1.0482180e-03
   3.4200000e+01  -9.0000000e+00  -9.0000000e+00  -9.4339623e-03
   3.4300000e+01  -3.1000000e+01  -3.1000000e+01  -3.2494759e-02
   3.4400000e+01   5.0000000e+00   5.0000000e+00   5.2410901e-03
   3.4500000e+01   1.8000000e+01   1.8000000e+01   1.8867925e-02
   3.4600000e+01  -1.1000000e+01  -1.1000000e+01  -1.1530398e-02
   3.4700000e+01   7.0000000e+00   7.0000000e+00   7.3375262e-03
   3.4800000e+01  -1.0000000e+00  -1.0000000e+00  -1.0482180e-03
   3.4900000e+01  -7.0000000e+00  -7.0000000e+00  -7.3375262e-03
   3.5000000e+01  -1.0000000e+01  -1.0000000e+01  -1.0482180e-02
   3.5100000e+01   6.0000000e+00   6.0000000e+00   6.2893082e-03
   3.5200000e+01  -2.1000000e+01  -2.1000000e+01  -2.2012579e-02
   3.5300000e+01  -1.4000000e+02  -1.4000000e+02  -1.4675052e-01
   3.5400000e+01  -2.5300000e+02  -2.5300000e+02  -2.6519916e-01
   3.5500000e+01  -3.2000000e+02  -3.2000000e+02  -3.3542977e-01
   3.5600000e+01  -2.5700000e+02  -2.5700000e+02  -2.6939203e-01
   3.5700000e+01  -1.1100000e+02  -1.1100000e+02  -1.1635220e-01
   3.5800000e+01  -7.0000000e+00  -7.0000000e+00  -7.3375262e-03
   3.5900000e+01   1.0000000e+01   1.0000000e+01   1.0482180e-02
   3.6000000e+01  -2.0000000e+00  -2.0000000e+00  -2.0964361e-03
   3.6100000e+01   3.0000000e+01   3.0000000e+01   3.1446541e-02
   3.6200000e+01  -1.4000000e+01  -1.4000000e+01  -1.4675052e-02
   3.6300000e+01  -8.0000000e+00  -8.0000000e+00  -8.3857442e-03
   3.6400000e+01   1.0000000e+00   1.0000000e+00   1.0482180e-03
   3.6500000e+01  -2.1000000e+01  -2.1000000e+01  -2.2012579e-02
   3.6600000e+01   1.0000000e+00   1.0000000e+00   1.0482180e-03
   3.6700000e+01   1.8000000e+01   1.8000000e+01   1.8867925e-02
   3.6800000e+01  -2.0000000e+01  -2.0000000e+01  -2.0964361e-02
   3.6900000e+01   1.7000000e+01   1.7000000e+01   1.7819706e-02
   3.7000000e+01  -1.0000000e+01  -1.0000000e+01  -1.0482180e-02
   3.7100000e+01  -2.5000000e+01  -2.5000000e+01  -2.6205451e-02
   3.7200000e+01   1.4000000e+01   1.4000000e+01   1.4675052e-02
   3.7300000e+01   1.4000000e+01   1.4000000e+01   1.4675052e-02
   3.7400000e+01   2.0000000e+00   2.0000000e+00   2.0964361e-03
   3.7500000e+01  -7.0000000e+00  -7.0000000e+00  -7.3375262e-03
   3.7600000e+01   3.0000000e+01   3.0000000e+01   3.1446541e-02
   3.7700000e+01  -1.1000000e+01  -1.1000000e+01  -1.1530398e-02
   3.7800000e+01  -8.0000000e+00  -8.0000000e+00  -8.3857442e-03
   3.7900000e+01   7.0000000e+00   7.0000000e+00   7.3375262e-03
   3.8000000e+01  -3.2000000e+01  -3.2000000e+01  -3.3542977e-02
   3.8100000e+01  -1.7000000e+01  -1.7000000e+01  -1.7819706e-02
   3.8200000e+01  -1.2000000e+01  -1.2000000e+01  -1.2578616e-02
   3.8300000e+01   6.0000000e+00   6.0000000e+00   6.2893082e-03
   3.8400000e+01   1.4000000e+01   1.4000000e+01   1.4675052e-02
   3.8500000e+01  -2.1000000e+01  -2.1000000e+01  -2.2012579e-02
   3.8600000e+01   1.4000000e+01   1.4000000e+01   1.4675052e-02
   3.8700000e+01  -4.0000000e+00  -4.0000000e+00  -4.1928721e-03
   3.8800000e+01  -3.5000000e+01  -3.5000000e+01  -3.6687631e-02
   3.8900000e+01   1.2000000e+01   1.2000000e+01   1.2578616e-02
   3.9000000e+01   1.8000000e+01   1.8000000e+01   1.8867925e-02
   3.9100000e+01   9.0000000e+00   9.0000000e+00   9.4339623e-03
   3.9200000e+01  -7.0000000e+00  -7.0000000e+00  -7.3375262e-03
   3.9300000e+01   1.6000000e+01   1.6000000e+01   1.6771488e-02
   3.9400000e+01  -1.5000000e+01  -1.5000000e+01  -1.5723270e-02
   3.9500000e+01  -1.8000000e+01  -1.8000000e+01  -1.8867925e-02
   3.9600000e+01   2.0000000e+00   2.0000000e+00   2.0964361e-03
   3.9700000e+01   8.0000000e+00   8.0000000e+00   8.3857442e-03
   3.9800000e+01  -3.0000000e+00  -3.0000000e+00  -3.1446541e-03
   3.9900000e+01  -1.2000000e+01  -1.2000000e+01  -1.2578616e-02
   4.0000000e+01  -4.0000000e+00  -4.0000000e+00  -4.1928721e-03
   4.0100000e+01   1.3000000e+01   1.3000000e+01   1.3626834e-02
   4.0200000e+01  -1.7000000e+01  -1.7000000e+01  -1.7819706e-02
   4.0300000e+01  -3.0000000e+00  -3.0000000e+00  -3.1446541e-03
   4.0400000e+01  -1.1000000e+01  -1.1000000e+01  -1.1530398e-02
   4.0500000e+01   1.7000000e+01   1.7000000e+01   1.7819706e-02
   4.0600000e+01   0.0000000e+00   0.0000000e+00   0.0000000e+00
   4.0700000e+01  -9.0000000e+00  -9.0000000e+00  -9.4339623e-03
   4.0800000e+01  -4.0000000e+00  -4.0000000e+00  -4.1928721e-03
   4.0900000e+01   1.5000000e+01   1.5000000e+01   1.5723270e-02
   4.1000000e+01   8.0000000e+00   8.0000000e+00   8.3857442e-03
   4.1100000e+01  -1.3000000e+01  -1.3000000e+01  -1.3626834e-02
   4.1200000e+01  -1.8000000e+01  -1.8000000e+01  -1.8867925e-02
   4.1300000e+01  -1.1000000e+01  -1.1000000e+01  -1.1530398e-02
   4.1400000e+01   3.3000000e+01   3.3000000e+01   3.4591195e-02
   4.1500000e+01  -2.0000000e+01  -2.0000000e+01  -2.0964361e-02
   4.1600000e+01   1.8000000e+01   1.8000000e+01   1.8867925e-02
   4.1700000e+01   5.0000000e+00   5.0000000e+00   5.2410901e-03
   4.1800000e+01   7.0000000e+00   7.0000000e+00   7.3375262e-03
   4.1900000e+01  -4.1000000e+01  -4.1000000e+01  -4.2976939e-02
   4.2000000e+01   1.7000000e+01   1.7000000e+01   1.7819706e-02
   4.2100000e+01  -9.0000000e+00  -9.0000000e+00  -9.4339623e-03
   4.2200000e+01   3.8000000e+01   3.8000000e+01   3.9832285e-02
   4.2300000e+01  -1.4000000e+01  -1.4000000e+01  -1.4675052e-02
   4.2400000e+01  -2.0000000e+00  -2.0000000e+00  -2.0964361e-03
   4.2500000e+01  -1.0000000e+00  -1.0000000e+00  -1.0482180e-03
   4.2600000e+01   2.5000000e+01   2.5000000e+01   2.6205451e-02
   4.2700000e+01  -9.0000000e+00  -9.0000000e+00  -9.4339623e-03
   4.2800000e+01   2.3000000e+01   2.3000000e+01   2.4109015e-02
   4.2900000e+01  -1.7000000e+01  -1.7000000e+01  -1.7819706e-02
   4.3000000e+01   1.0000000e+00   1.0000000e+00   1.0482180e-03
   4.3100000e+01  -1.3000000e+01  -1.3000000e+01  -1.3626834e-02
   4.3200000e+01  -2.1000000e+01  -2.1000000e+01  -2.2012579e-02
   4.3300000e+01  -6.0000000e+00  -6.0000000e+00  -6.2893082e-03
   4.3400000e+01   3.5000000e+01   3.5000000e+01   3.6687631e-02
   4.3500000e+01  -8.0000000e+00  -8.0000000e+00  -8.3857442e-03
   4.3600000e+01   4.0000000e+00   4.0000000e+00   4.1928721e-03
   4.3700000e+01   7.0000000e+00   7.0000000e+00   7.3375262e-03
   4.3800000e+01   9.0000000e+00   9.0000000e+00   9.4339623e-03
   4.3900000e+01   4.2000000e+01   4.2000000e+01   4.4025157e-02
   4.4000000e+01  -8.0000000e+00  -8.0000000e+00  -8.3857442e-03
   4.4100000e+01   1.6000000e+01   1.6000000e+01   1.6771488e-02
   4.4200000e+01   3.3000000e+01   3.3000000e+01   3.4591195e-02
   4.4300000e+01   0.0000000e+00   0.0000000e+00   0.0000000e+00
   4.4400000e+01   2.6000000e+01   2.6000000e+01   2.7253669e-02
   4.4500000e+01  -1.6000000e+01  -1.6000000e+01  -1.6771488e-02
   4.4600000e+01   8.0000000e+00   8.0000000e+00   8.3857442e-03
   4.4700000e+01   1.6000000e+01   1.6000000e+01   1.6771488e-02
   4.4800000e+01   1.8000000e+01   1.8000000e+01   1.8867925e-02
   4.4900000e+01  -1.7000000e+01  -1.7000000e+01  -1.7819706e-02
   4.5000000e+01   2.1000000e+01   2.1000000e+01   2.2012579e-02
   4.5100000e+01   3.0000000e+00   3.0000000e+00   3.1446541e-03
   4.5200000e+01  -1.8000000e+01  -1.8000000e+01  -1.8867925e-02
   4.5300000e+01   7.0000000e+00   7.0000000e+00   7.3375262e-03
   4.5400000e+01  -5.0000000e+00  -5.0000000e+00  -5.2410901e-03
   4.5500000e+01   3.4000000e+01   3.4000000e+01   3.5639413e-02
   4.5600000e+01  -1.0000000e+00  -1.0000000e+00  -1.0482180e-03
   4.5700000e+01  -2.2000000e+01  -2.2000000e+01  -2.3060797e-02
   4.5800000e+01   7.0000000e+00   7.0000000e+00   7.3375262e-03
   4.5900000e+01  -6.0000000e+00  -6.0000000e+00  -6.2893082e-03
   4.6000000e+01   3.1000000e+01   3.1000000e+01   3.2494759e-02
   4.6100000e+01  -1.1000000e+01  -1.1000000e+01  -1.1530398e-02
   4.6200000e+01  -6.0000000e+00  -6.0000000e+00  -6.2893082e-03
   4.6300000e+01   8.0000000e+00   8.0000000e+00   8.3857442e-03
   4.6400000e+01   1.8000000e+01   1.8000000e+01   1.8867925e-02
   4.6500000e+01  -1.0000000e+00  -1.0000000e+00  -1.0482180e-03
   4.6600000e+01   2.4000000e+01   2.4000000e+01   2.5157233e-02
   4.6700000e+01   4.0000000e+00   4.0000000e+00   4.1928721e-03
   4.6800000e+01   1.9000000e+01   1.9000000e+01   1.9916143e-02
   4.6900000e+01  -1.3000000e+01  -1.3000000e+01  -1.3626834e-02
   4.7000000e+01  -4.6000000e+01  -4.6000000e+01  -4.8218029e-02
   4.7100000e+01   2.5000000e+01   2.5000000e+01   2.6205451e-02
   4.7200000e+01   9.0000000e+00   9.0000000e+00   9.4339623e-03
   4.7300000e+01   1.6000000e+01   1.6000000e+01   1.6771488e-02
   4.7400000e+01   2.9000000e+01   2.9000000e+01   3.0398323e-02
   4.7500000e+01   8.0000000e+00   8.0000000e+00   8.3857442e-03
   4.7600000e+01  -1.9000000e+01  -1.9000000e+01  -1.9916143e-02
   4.7700000e+01  -1.6000000e+01  -1.6000000e+01  -1.6771488e-02
   4.7800000e+01  -7.0000000e+00  -7.0000000e+00  -7.3375262e-03
   4.7900000e+01   1.9000000e+01   1.9000000e+01   1.9916143e-02
   4.8000000e+01   1.2000000e+01   1.2000000e+01   1.2578616e-02
   4.8100000e+01  -2.0000000e+00  -2.0000000e+00  -2.0964361e-03
   4.8200000e+01   9.0000000e+00   9.0000000e+00   9.4339623e-03
   4.8300000e+01  -4.0000000e+00  -4.0000000e+00  -4.1928721e-03
   4.8400000e+01   3.3000000e+01   3.3000000e+01   3.4591195e-02
   4.8500000e+01   6.0000000e+00   6.0000000e+00   6.2893082e-03
   4.8600000e+01   1.5000000e+01   1.5000000e+01   1.5723270e-02
   4.8700000e+01  -1.9000000e+01  -1.9000000e+01  -1.9916143e-02
   4.8800000e+01  -1.2000000e+01  -1.2000000e+01  -1.2578616e-02
   4.8900000e+01  -3.3000000e+01  -3.3000000e+01  -3.4591195e-02
   4.9000000e+01  -4.0000000e+00  -4.0000000e+00  -4.1928721e-03
   4.9100000e+01   1.0000000e+01   1.0000000e+01   1.0482180e-02
   4.9200000e+01   3.6000000e+01   3.6000000e+01   3.7735849e-02
   4.9300000e+01   2.0000000e+00   2.0000000e+00   2.0964361e-03
   4.9400000e+01   1.6000000e+01   1.6000000e+01   1.6771488e-02
   4.9500000e+01  -2.4000000e+01  -2.4000000e+01  -2.5157233e-02
   4.9600000e+01  -1.9000000e+01  -1.9000000e+01  -1.9916143e-02
   4.9700000e+01   4.0000000e+00   4.0000000e+00   4.1928721e-03
   4.9800000e+01  -2.8000000e+01  -2.8000000e+01  -2.9350105e-02
   4.9900000e+01  -1.0000000e+01  -1.0000000e+01  -1.0482180e-02
   5.0000000e+01   2.5000000e+01   2.5000000e+01   2.6205451e-02
   5.0100000e+01   2.0000000e+01   2.0000000e+01   2.0964361e-02
   5.0200000e+01   8.0000000e+00   8.0000000e+00   8.3857442e-03
   5.0300000e+01   1.8000000e+01   1.8000000e+01   1.8867925e-02
   5.0400000e+01  -1.2000000e+01  -1.2000000e+01  -1.2578616e-02
   5.0500000e+01  -7.0000000e+00  -7.0000000e+00  -7.3375262e-03
   5.0600000e+01  -1.1000000e+01  -1.1000000e+01  -1.1530398e-02
   5.0700000e+01  -8.0000000e+00  -8.0000000e+00  -8.3857442e-03
   5.0800000e+01  -8.0000000e+00  -8.0000000e+00  -8.3857442e-03
   5.0900000e+01  -2.5000000e+01  -2.5000000e+01  -2.6205451e-02
   5.1000000e+01  -2.0000000e+00  -2.0000000e+00  -2.0964361e-03
   5.1100000e+01  -9.0000000e+00  -9.0000000e+00  -9.4339623e-03
   5.1200000e+01  -1.5000000e+01  -1.5000000e+01  -1.5723270e-02
   5.1300000e+01   5.0000000e+00   5.0000000e+00   5.2410901e-03
   5.1400000e+01  -2.0000000e+00  -2.0000000e+00  -2.0964361e-03
   5.1500000e+01  -2.2000000e+01  -2.2000000e+01  -2.3060797e-02
   5.1600000e+01  -7.0000000e+00  -7.0000000e+00  -7.3375262e-03
   5.1700000e+01  -1.1000000e+01  -1.1000000e+01  -1.1530398e-02
   5.1800000e+01  -6.0000000e+00  -6.0000000e+00  -6.2893082e-03
   5.1900000e+01  -2.1000000e+01  -2.1000000e+01  -2.2012579e-02
   5.2000000e+01  -4.0000000e+00  -4.0000000e+00  -4.1928721e-03
   5.2100000e+01  -9.0000000e+00  -9.0000000e+00  -9.4339623e-03
   5.2200000e+01   4.0000000e+00   4.0000000e+00   4.1928721e-03
   5.2300000e+01   1.1000000e+01   1.1000000e+01   1.1530398e-02
   5.2400000e+01  -1.8000000e+01  -1.8000000e+01  -1.8867925e-02
   5.2500000e+01  -1.5000000e+01  -1.5000000e+01  -1.5723270e-02
   5.2600000e+01   2.5000000e+01   2.5000000e+01   2.6205451e-02
   5.2700000e+01   3.0000000e+00   3.0000000e+00   3.1446541e-03
   5.2800000e+01   2.5000000e+01   2.5000000e+01   2.6205451e-02
   5.2900000e+01   1.7000000e+01   1.7000000e+01   1.7819706e-02
   5.3000000e+01   7.0000000e+00   7.0000000e+00   7.3375262e-03
   5.3100000e+01   1.7000000e+01   1.7000000e+01   1.7819706e-02
   5.3200000e+01  -1.0000000e+01  -1.0000000e+01  -1.0482180e-02
   5.3300000e+01  -2.7000000e+01  -2.7000000e+01  -2.8301887e-02
   5.3400000e+01  -1.4000000e+01  -1.4000000e+01  -1.4675052e-02
   5.3500000e+01  -1.4000000e+01  -1.4000000e+01  -1.4675052e-02
   5.3600000e+01  -1.8000000e+01  -1.8000000e+01  -1.8867925e-02
   5.3700000e+01   4.0000000e+00   4.0000000e+00   4.1928721e-03
   5.3800000e+01   1.7000000e+01   1.7000000e+01   1.7819706e-02
   5.3900000e+01   2.7000000e+01   2.7000000e+01   2.8301887e-02
   5.4000000e+01  -1.0000000e+01  -1.0000000e+01  -1.0482180e-02
   5.4100000e+01   1.0000000e+00   1.0000000e+00   1.0482180e-03
   5.4200000e+01   1.5000000e+01   1.5000000e+01   1.5723270e-02
   5.4300000e+01   3.6000000e+01   3.6000000e+01   3.7735849e-02
   5.4400000e+01   2.3000000e+01   2.3000000e+01   2.4109015e-02
   5.4500000e+01  -8.0000000e+00  -8.0000000e+00  -8.3857442e-03
   5.4600000e+01  -1.5000000e+01  -1.5000000e+01  -1.5723270e-02
   5.4700000e+01   1.0000000e+01   1.0000000e+01   1.0482180e-02
   5.4800000e+01  -8.0000000e+00  -8.0000000e+00  -8.3857442e-03
   5.4900000e+01  -1.3000000e+01  -1.3000000e+01  -1.3626834e-02
   5.5000000e+01   1.0000000e+01   1.0000000e+01   1.0482180e-02
   5.5100000e+01  -5.0000000e+00  -5.0000000e+00  -5.2410901e-03
   5.5200000e+01   1.0000000e+00   1.0000000e+00   1.0482180e-03
   5.5300000e+01  -1.0000000e+00  -1.0000000e+00  -1.0482180e-03
   5.5400000e+01  -3.0000000e+00  -3.0000000e+00  -3.1446541e-03
   5.5500000e+01   2.5000000e+01   2.5000000e+01   2.6205451e-02
   5.5600000e+01  -9.0000000e+00  -9.0000000e+00  -9.4339623e-03
   5.5700000e+01   1.1000000e+01   1.1000000e+01   1.1530398e-02
   5.5800000e+01   1.6000000e+01   1.6000000e+01   1.6771488e-02
   5.5900000e+01  -2.0000000e+00  -2.0000000e+00  -2.0964361e-03
   5.6000000e+01   9.0000000e+00   9.0000000e+00   9.4339623e-03
   5.6100000e+01  -1.7000000e+01  -1.7000000e+01  -1.7819706e-02
   5.6200000e+01  -1.8000000e+01  -1.8000000e+01  -1.8867925e-02
   5.6300000e+01   1.0000000e+01   1.0000000e+01   1.0482180e-02
   5.6400000e+01  -5.0000000e+00  -5.0000000e+00  -5.2410901e-03
   5.6500000e+01  -1.0000000e+01  -1.0000000e+01  -1.0482180e-02
   5.6600000e+01  -5.0000000e+00  -5.0000000e+00  -5.2410901e-03
   5.6700000e+01   8.0000000e+00   8.0000000e+00   8.3857442e-03
   5.6800000e+01   1.1000000e+01   1.1000000e+01   1.1530398e-02
   5.6900000e+01  -1.4000000e+01  -1.4000000e+01  -1.4675052e-02
   5.7000000e+01  -8.0000000e+00  -8.0000000e+00  -8.3857442e-03
   5.7100000e+01  -3.7000000e+01  -3.7000000e+01  -3.8784067e-02
   5.7200000e+01   6.0000000e+00   6.0000000e+00   6.2893082e-03
   5.7300000e+01   1.8000000e+01   1.8000000e+01   1.8867925e-02
   5.7400000e+01   6.0000000e+00   6.0000000e+00   6.2893082e-03
   5.7500000e+01   1.0000000e+00   1.0000000e+00   1.0482180e-03
   5.7600000e+01  -3.1000000e+01  -3.1000000e+01  -3.2494759e-02
   5.7700000e+01  -2.0000000e+00  -2.0000000e+00  -2.0964361e-03
   5.7800000e+01  -2.4000000e+01  -2.4000000e+01  -2.5157233e-02
   5.7900000e+01  -1.4000000e+01  -1.4000000e+01  -1.4675052e-02
   5.8000000e+01   1.8000000e+01   1.8000000e+01   1.8867925e-02
   5.8100000e+01  -1.4000000e+01  -1.4000000e+01  -1.4675052e-02
   5.8200000e+01  -5.0000000e+00  -5.0000000e+00  -5.2410901e-03
   5.8300000e+01  -4.0000000e+00  -4.0000000e+00  -4.1928721e-03
   5.8400000e+01   3.0000000e+00   3.0000000e+00   3.1446541e-03
   5.8500000e+01   4.3000000e+01   4.3000000e+01   4.5073375e-02
   5.8600000e+01   7.0000000e+00   7.0000000e+00   7.3375262e-03
   5.8700000e+01   4.0000000e+00   4.0000000e+00   4.1928721e-03
   5.8800000e+01  -1.6000000e+01  -1.6000000e+01  -1.6771488e-02
   5.8900000e+01  -1.0000000e+00  -1.0000000e+00  -1.0482180e-03
   5.9000000e+01   2.2000000e+01   2.2000000e+01   2.3060797e-02
   5.9100000e+01  -1.6000000e+01  -1.6000000e+01  -1.6771488e-02
   5.9200000e+01  -3.0000000e+00  -3.0000000e+00  -3.1446541e-03
   5.9300000e+01  -5.0000000e+00  -5.0000000e+00  -5.2410901e-03
   5.9400000e+01   5.0000000e+00   5.0000000e+00   5.2410901e-03
   5.9500000e+01   2.5000000e+01   2.5000000e+01   2.6205451e-02
   5.9600000e+01   3.0000000e+01   3.0000000e+01   3.1446541e-02
   5.9700000e+01  -3.0000000e+00  -3.0000000e+00  -3.1446541e-03
   5.9800000e+01   1.0000000e+01   1.0000000e+01   1.0482180e-02
   5.9900000e+01   3.0000000e+00   3.0000000e+00   3.1446541e-03
   6.0000000e+01   8.0000000e+00   8.0000000e+00   8.3857442e-03
   6.0100000e+01  -6.0000000e+00  -6.0000000e+00  -6.2893082e-03
   6.0200000e+01   7.0000000e+00   7.0000000e+00   7.3375262e-03
   6.0300000e+01   7.0000000e+00   7.0000000e+00   7.3375262e-03
   6.0400000e+01  -2.0000000e+01  -2.0000000e+01  -2.0964361e-02
   6.0500000e+01   3.3000000e+01   3.3000000e+01   3.4591195e-02
   6.0600000e+01   1.4000000e+01   1.4000000e+01   1.4675052e-02
   6.0700000e+01   7.0000000e+00   7.0000000e+00   7.3375262e-03
   6.0800000e+01  -9.0000000e+00  -9.0000000e+00  -9.4339623e-03
   6.0900000e+01  -3.1000000e+01  -3.1000000e+01  -3.2494759e-02
   6.1000000e+01   1.0000000e+00   1.0000000e+00   1.0482180e-03
   6.1100000e+01  -1.3000000e+01  -1.3000000e+01  -1.3626834e-02
   6.1200000e+01   1.0000000e+01   1.0000000e+01   1.0482180e-02
   6.1300000e+01   1.2000000e+01   1.2000000e+01   1.2578616e-02
   6.1400000e+01   1.0000000e+00   1.0000000e+00   1.0482180e-03
   6.1500000e+01   1.0000000e+00   1.0000000e+00   1.0482180e-03
   6.1600000e+01   4.0000000e+00   4.0000000e+00   4.1928721e-03
   6.1700000e+01   3.7000000e+01   3.7000000e+01   3.8784067e-02
   6.1800000e+01  -2.2000000e+01  -2.2000000e+01  -2.3060797e-02
   6.1900000e+01  -2.0000000e+00  -2.0000000e+00  -2.0964361e-03
   6.2000000e+01  -8.0000000e+00  -8.0000000e+00  -8.3857442e-03
   6.2100000e+01  -3.0000000e+00  -3.0000000e+00  -3.1446541e-03
   6.2200000e+01  -2.6000000e+01  -2.6000000e+01  -2.7253669e-02
   6.2300000e+01   2.8000000e+01   2.8000000e+01   2.9350105e-02
   6.2400000e+01  -2.0000000e+00  -2.0000000e+00  -2.0964361e-03
   6.2500000e+01   1.0000000e+00   1.0000000e+00   1.0482180e-03
   6.2600000e+01   3.3000000e+01   3.3000000e+01   3.4591195e-02
   6.2700000e+01  -1.7000000e+01  -1.7000000e+01  -1.7819706e-02
   6.2800000e+01   3.2000000e+01   3.2000000e+01   3.3542977e-02
   6.2900000e+01  -9.0000000e+00  -9.0000000e+00  -9.4339623e-03
   6.3000000e+01   1.6000000e+01   1.6000000e+01   1.6771488e-02
   6.3100000e+01  -1.0000000e+01  -1.0000000e+01  -1.0482180e-02
   6.3200000e+01  -1.5000000e+01  -1.5000000e+01  -1.5723270e-02
   6.3300000e+01   3.0000000e+00   3.0000000e+00   3.1446541e-03
   6.3400000e+01  -1.0000000e+00  -1.0000000e+00  -1.0482180e-03
   6.3500000e+01  -2.0000000e+00  -2.0000000e+00  -2.0964361e-03
   6.3600000e+01  -1.5000000e+01  -1.5000000e+01  -1.5723270e-02
   6.3700000e+01   1.0000000e+00   1.0000000e+00   1.0482180e-03
   6.3800000e+01   8.0000000e+00   8.0000000e+00   8.3857442e-03
   6.3900000e+01  -2.7000000e+01  -2.7000000e+01  -2.8301887e-02
   6.4000000e+01   1.6000000e+01   1.6000000e+01   1.6771488e-02
   6.4100000e+01  -1.4000000e+01  -1.4000000e+01  -1.4675052e-02
   6.4200000e+01  -1.1000000e+01  -1.1000000e+01  -1.1530398e-02
   6.4300000e+01   1.1000000e+01   1.1000000e+01   1.1530398e-02
   6.4400000e+01   1.0000000e+01   1.0000000e+01   1.0482180e-02
   6.4500000e+01   1.0000000e+00   1.0000000e+00   1.0482180e-03
   6.4600000e+01   1.5000000e+01   1.5000000e+01   1.5723270e-02
   6.4700000e+01  -1.8000000e+01  -1.8000000e+01  -1.8867925e-02
   6.4800000e+01   1.1000000e+01   1.1000000e+01   1.1530398e-02
   6.4900000e+01  -3.0000000e+00  -3.0000000e+00  -3.1446541e-03
   6.5000000e+01  -5.0000000e+00  -5.0000000e+00  -5.2410901e-03
   6.5100000e+01   2.0000000e+01   2.0000000e+01   2.0964361e-02
   6.5200000e+01  -8.0000000e+00  -8.0000000e+00  -8.3857442e-03
   6.5300000e+01  -1.7000000e+01  -1.7000000e+01  -1.7819706e-02
   6.5400000e+01   1.4000000e+01   1.4000000e+01   1.4675052e-02
   6.5500000e+01   1.2000000e+01   1.2000000e+01   1.2578616e-02
   6.5600000e+01   0.0000000e+00   0.0000000e+00   0.0000000e+00
   6.5700000e+01  -1.6000000e+01  -1.6000000e+01  -1.6771488e-02
   6.5800000e+01   1.2000000e+01   1.2000000e+01   1.2578616e-02
   6.5900000e+01  -2.0000000e+00  -2.0000000e+00  -2.0964361e-03
   6.6000000e+01  -2.0000000e+00  -2.0000000e+00  -2.0964361e-03
   6.6100000e+01  -1.0000000e+01  -1.0000000e+01  -1.0482180e-02
   6.6200000e+01  -2.0000000e+00  -2.0000000e+00  -2.0964361e-03
   6.6300000e+01  -2.0000000e+01  -2.0000000e+01  -2.0964361e-02
   6.6400000e+01   6.0000000e+00   6.0000000e+00   6.2893082e-03
   6.6500000e+01   3.3000000e+01   3.3000000e+01   3.4591195e-02
   6.6600000e+01  -9.0000000e+00  -9.0000000e+00  -9.4339623e-03
   6.6700000e+01  -2.0000000e+00  -2.0000000e+00  -2.0964361e-03
   6.6800000e+01   1.7000000e+01   1.7000000e+01   1.7819706e-02
   6.6900000e+01  -1.9000000e+01  -1.9000000e+01  -1.9916143e-02
   6.7000000e+01   2.0000000e+00   2.0000000e+00   2.0964361e-03
   6.7100000e+01   3.8000000e+01   3.8000000e+01   3.9832285e-02
   6.7200000e+01   8.0000000e+00   8.0000000e+00   8.3857442e-03
   6.7300000e+01   2.0000000e+01   2.0000000e+01   2.0964361e-02
   6.7400000e+01  -1.1000000e+01  -1.1000000e+01  -1.1530398e-02
   6.7500000e+01   4.0000000e+00   4.0000000e+00   4.1928721e-03
   6.7600000e+01  -2.6000000e+01  -2.6000000e+01  -2.7253669e-02
   6.7700000e+01   6.0000000e+00   6.0000000e+00   6.2893082e-03
   6.7800000e+01   9.0000000e+00   9.0000000e+00   9.4339623e-03
   6.7900000e+01   1.4000000e+01   1.4000000e+01   1.4675052e-02
   6.8000000e+01  -2.3000000e+01  -2.3000000e+01  -2.4109015e-02
   6.8100000e+01  -5.0000000e+00  -5.0000000e+00  -5.2410901e-03
   6.8200000e+01   1.3000000e+01   1.3000000e+01   1.3626834e-02
   6.8300000e+01  -6.0000000e+00  -6.0000000e+00  -6.2893082e-03
   6.8400000e+01  -1.2000000e+01  -1.2000000e+01  -1.2578616e-02
   6.8500000e+01  -1.0000000e+01  -1.0000000e+01  -1.0482180e-02
   6.8600000e+01  -1.0000000e+00  -1.0000000e+00  -1.0482180e-03
   6.8700000e+01  -3.0000000e+00  -3.0000000e+00  -3.1446541e-03
   6.8800000e+01  -3.6000000e+01  -3.6000000e+01  -3.7735849e-02
   6.8900000e+01  -9.0000000e+00  -9.0000000e+00  -9.4339623e-03
   6.9000000e+01  -2.8000000e+01  -2.8000000e+01  -2.9350105e-02
   6.9100000e+01   1.3000000e+01   1.3000000e+01   1.3626834e-02
   6.9200000e+01  -7.0000000e+00  -7.0000000e+00  -7.3375262e-03
   6.9300000e+01  -2.0000000e+00  -2.0000000e+00  -2.0964361e-03
   6.9400000e+01   6.0000000e+00   6.0000000e+00   6.2893082e-03
   6.9500000e+01   5.0000000e+00   5.0000000e+00   5.2410901e-03
   6.9600000e+01   2.4000000e+01   2.4000000e+01   2.5157233e-02
   6.9700000e+01   1.0000000e+00   1.0000000e+00   1.0482180e-03
   6.9800000e+01   1.6000000e+01   1.6000000e+01   1.6771488e-02
   6.9900000e+01   1.7000000e+01   1.7000000e+01   1.7819706e-02
   7.0000000e+01  -6.0000000e+00  -6.0000000e+00  -6.2893082e-03
   7.0100000e+01   1.5000000e+01   1.5000000e+01   1.5723270e-02
   7.0200000e+01   2.4000000e+01   2.4000000e+01   2.5157233e-02
   7.0300000e+01  -1.6000000e+01  -1.6000000e+01  -1.6771488e-02
   7.0400000e+01  -2.0000000e+00  -2.0000000e+00  -2.0964361e-03
   7.0500000e+01  -7.0000000e+00  -7.0000000e+00  -7.3375262e-03
   7.0600000e+01  -2.0000000e+00  -2.0000000e+00  -2.0964361e-03
   7.0700000e+01   2.2000000e+01   2.2000000e+01   2.3060797e-02
   7.0800000e+01  -1.8000000e+01  -1.8000000e+01  -1.8867925e-02
   7.0900000e+01  -6.0000000e+00  -6.0000000e+00  -6.2893082e-03
   7.1000000e+01   1.0000000e+00   1.0000000e+00   1.0482180e-03
   7.1100000e+01  -2.7000000e+01  -2.7000000e+01  -2.8301887e-02
   7.1200000e+01  -1.0000000e+00  -1.0000000e+00  -1.0482180e-03
   7.1300000e+01   6.0000000e+00   6.0000000e+00   6.2893082e-03
   7.1400000e+01  -4.0000000e+00  -4.0000000e+00  -4.1928721e-03
   7.1500000e+01   3.0000000e+00   3.0000000e+00   3.1446541e-03
   7.1600000e+01   3.5000000e+01   3.5000000e+01   3.6687631e-02
   7.1700000e+01  -1.9000000e+01  -1.9000000e+01  -1.9916143e-02
   7.1800000e+01  -2.3000000e+01  -2.3000000e+01  -2.4109015e-02
   7.1900000e+01  -8.0000000e+00  -8.0000000e+00  -8.3857442e-03
   7.2000000e+01  -2.9000000e+01  -2.9000000e+01  -3.0398323e-02
   7.2100000e+01   2.5000000e+01   2.5000000e+01   2.6205451e-02
   7.2200000e+01  -3.7000000e+01  -3.7000000e+01  -3.8784067e-02
   7.2300000e+01   1.2000000e+01   1.2000000e+01   1.2578616e-02
   7.2400000e+01  -1.6000000e+01  -1.6000000e+01  -1.6771488e-02
   7.2500000e+01  -1.0000000e+01  -1.0000000e+01  -1.0482180e-02
   7.2600000e+01  -5.0000000e+00  -5.0000000e+00  -5.2410901e-03
   7.2700000e+01   1.1000000e+01   1.1000000e+01   1.1530398e-02
   7.2800000e+01   2.5000000e+01   2.5000000e+01   2.6205451e-02
   7.2900000e+01  -2.4000000e+01  -2.4000000e+01  -2.5157233e-02
   7.3000000e+01  -1.4000000e+01  -1.4000000e+01  -1.4675052e-02
   7.3100000e+01   1.6000000e+01   1.6000000e+01   1.6771488e-02
   7.3200000e+01  -2.0000000e+00  -2.0000000e+00  -2.0964361e-03
   7.3300000e+01  -7.0000000e+00  -7.0000000e+00  -7.3375262e-03
   7.3400000e+01  -2.1000000e+01  -2.1000000e+01  -2.2012579e-02
   7.3500000e+01   1.8000000e+01   1.8000000e+01   1.8867925e-02
   7.3600000e+01   6.0000000e+00   6.0000000e+00   6.2893082e-03
   7.3700000e+01  -2.2000000e+01  -2.2000000e+01  -2.3060797e-02
   7.3800000e+01  -2.0000000e+00  -2.0000000e+00  -2.0964361e-03
   7.3900000e+01   2.7000000e+01   2.7000000e+01   2.8301887e-02
   7.4000000e+01  -3.7000000e+01  -3.7000000e+01  -3.8784067e-02
   7.4100000e+01  -2.3000000e+01  -2.3000000e+01  -2.4109015e-02
   7.4200000e+01  -4.0000000e+00  -4.0000000e+00  -4.1928721e-03
   7.4300000e+01  -6.0000000e+00  -6.0000000e+00  -6.2893082e-03
   7.4400000e+01   1.1000000e+01   1.1000000e+01   1.1530398e-02
   7.4500000e+01   1.8000000e+01   1.8000000e+01   1.8867925e-02
   7.4600000e+01   7.0000000e+00   7.0000000e+00   7.3375262e-03
   7.4700000e+01  -3.0000000e+00  -3.0000000e+00  -3.1446541e-03
   7.4800000e+01   2.5000000e+01   2.5000000e+01   2.6205451e-02
   7.4900000e+01   1.0000000e+00   1.0000000e+00   1.0482180e-03
   7.5000000e+01  -8.0000000e+00  -8.0000000e+00  -8.3857442e-03
   7.5100000e+01   2.7000000e+01   2.7000000e+01   2.8301887e-02
   7.5200000e+01   8.0000000e+00   8.0000000e+00   8.3857442e-03
   7.5300000e+01  -1.1000000e+01  -1.1000000e+01  -1.1530398e-02
   7.5400000e+01   8.0000000e+00   8.0000000e+00   8.3857442e-03
   7.5500000e+01  -4.4000000e+01  -4.4000000e+01  -4.6121593e-02
   7.5600000e+01  -9.0000000e+00  -9.0000000e+00  -9.4339623e-03
   7.5700000e+01  -3.0000000e+01  -3.0000000e+01  -3.1446541e-02
   7.5800000e+01  -7.0000000e+00  -7.0000000e+00  -7.3375262e-03
   7.5900000e+01   3.0000000e+00   3.0000000e+00   3.1446541e-03
   7.6000000e+01   1.0000000e+01   1.0000000e+01   1.0482180e-02
   7.6100000e+01  -1.5000000e+01  -1.5000000e+01  -1.5723270e-02
   7.6200000e+01   2.2000000e+01   2.2000000e+01   2.3060797e-02
   7.6300000e+01  -2.0000000e+00  -2.0000000e+00  -2.0964361e-03
   7.6400000e+01   9.0000000e+00   9.0000000e+00   9.4339623e-03
   7.6500000e+01  -2.0000000e+01  -2.0000000e+01  -2.0964361e-02
   7.6600000e+01  -6.0000000e+00  -6.0000000e+00  -6.2893082e-03
   7.6700000e+01  -2.0000000e+01  -2.0000000e+01  -2.0964361e-02
   7.6800000e+01   3.0000000e+00   3.0000000e+00   3.1446541e-03
   7.6900000e+01  -2.5000000e+01  -2.5000000e+01  -2.6205451e-02
   7.7000000e+01  -3.0000000e+01  -3.0000000e+01  -3.1446541e-02
   7.7100000e+01   1.9000000e+01   1.9000000e+01   1.9916143e-02
   7.7200000e+01   1.0000000e+00   1.0000000e+00   1.0482180e-03
   7.7300000e+01   1.7000000e+01   1.7000000e+01   1.7819706e-02
   7.7400000e+01   2.0000000e+01   2.0000000e+01   2.0964361e-02
   7.7500000e+01  -1.0000000e+01  -1.0000000e+01  -1.0482180e-02
   7.7600000e+01   1.5000000e+01   1.5000000e+01   1.5723270e-02
   7.7700000e+01  -1.4000000e+01  -1.4000000e+01  -1.4675052e-02
   7.7800000e+01   1.0000000e+00   1.0000000e+00   1.0482180e-03
   7.7900000e+01  -9.0000000e+00  -9.0000000e+00  -9.4339623e-03
   7.8000000e+01   3.9000000e+01   3.9000000e+01   4.0880503e-02
   7.8100000e+01  -2.0000000e+00  -2.0000000e+00  -2.0964361e-03
