   0.0000000e+00   1.9400000e+02   1.9400000e+02   1.9660502e-01
   1.0000000e-01   9.8100000e+02   9.8100000e+02   9.9417279e-01
   2.0000000e-01   1.0070000e+03   1.0070000e+03   1.0205219e+00
   3.0000000e-01   9.4400000e+02   9.4400000e+02   9.5667596e-01
   4.0000000e-01   1.0150000e+03   1.0150000e+03   1.0286293e+00
   5.0000000e-01   9.9700000e+02   9.9700000e+02   1.0103876e+00
   6.0000000e-01   1.0000000e+03   1.0000000e+03   1.0134279e+00
   7.0000000e-01   1.0370000e+03   1.0370000e+03   1.0509248e+00
   8.0000000e-01   8.8500000e+02   8.8500000e+02   8.9688371e-01
   9.0000000e-01   9.5700000e+02   9.5700000e+02   9.6985052e-01
   1.0000000e+00   1.1040000e+03   1.1040000e+03   1.1188244e+00
   1.1000000e+00   1.0070000e+03   1.0070000e+03   1.0205219e+00
   1.2000000e+00   1.0200000e+03   1.0200000e+03   1.0336965e+00
   1.3000000e+00   9.5200000e+02   9.5200000e+02   9.6478338e-01
   1.4000000e+00   1.0350000e+03   1.0350000e+03   1.0488979e+00
   1.5000000e+00   9.8700000e+02   9.8700000e+02   1.0002534e+00
   1.6000000e+00   1.0220000e+03   1.0220000e+03   1.0357233e+00
   1.7000000e+00   9.8800000e+02   9.8800000e+02   1.0012668e+00
   1.8000000e+00   9.5000000e+02   9.5000000e+02   9.6275652e-01
   1.9000000e+00   1.0220000e+03   1.0220000e+03   1.0357233e+00
   2.0000000e+00   9.8600000e+02   9.8600000e+02   9.9923993e-01
   2.1000000e+00   9.7800000e+02   9.7800000e+02   9.9113251e-01
   2.2000000e+00   9.6100000e+02   9.6100000e+02   9.7390423e-01
   2.3000000e+00   1.0040000e+03   1.0040000e+03   1.0174816e+00
   2.4000000e+00   1.0270000e+03   1.0270000e+03   1.0407905e+00
   2.5000000e+00   1.0200000e+03   1.0200000e+03   1.0336965e+00
   2.6000000e+00   1.0330000e+03   1.0330000e+03   1.0468710e+00
   2.7000000e+00   9.6300000e+02   9.6300000e+02   9.7593109e-01
   2.8000000e+00   9.3500000e+02   9.3500000e+02   9.4755511e-01
   2.9000000e+00   1.0230000e+03   1.0230000e+03   1.0367368e+00
   3.0000000e+00   1.0250000e+03   1.0250000e+03   1.0387636e+00
   3.1000000e+00   1.0710000e+03   1.0710000e+03   1.0853813e+00
   3.2000000e+00   9.8400000e+02   9.8400000e+02   9.9721307e-01
   3.3000000e+00   9.8900000e+02   9.8900000e+02   1.0022802e+00
   3.4000000e+00   1.0010000e+03   1.0010000e+03   1.0144413e+00
   3.5000000e+00   1.0180000e+03   1.0180000e+03   1.0316696e+00
   3.6000000e+00   9.8900000e+02   9.8900000e+02   1.0022802e+00
   3.7000000e+00   1.0180000e+03   1.0180000e+03   1.0316696e+00
   3.8000000e+00   1.0010000e+03   1.0010000e+03   1.0144413e+00
   3.9000000e+00   9.9900000e+02   9.9900000e+02   1.0124145e+00
   4.0000000e+00   9.8800000e+02   9.8800000e+02   1.0012668e+00
   4.1000000e+00   9.3900000e+02   9.3900000e+02   9.5160882e-01
   4.2000000e+00   9.3700000e+02   9.3700000e+02   9.4958196e-01
   4.3000000e+00   1.0000000e+03   1.0000000e+03   1.0134279e+00
   4.4000000e+00   1.0020000e+03   1.0020000e+03   1.0154548e+00
   4.5000000e+00   9.6300000e+02   9.6300000e+02   9.7593109e-01
   4.6000000e+00   9.2800000e+02   9.2800000e+02   9.4046111e-01
   4.7000000e+00   9.3900000e+02   9.3900000e+02   9.5160882e-01
   4.8000000e+00   9.9300000e+02   9.9300000e+02   1.0063339e+00
   4.9000000e+00   1.0260000e+03   1.0260000e+03   1.0397770e+00
   5.0000000e+00   1.0080000e+03   1.0080000e+03   1.0215353e+00
   5.1000000e+00   1.0270000e+03   1.0270000e+03   1.0407905e+00
   5.2000000e+00   9.8300000e+02   9.8300000e+02   9.9619965e-01
   5.3000000e+00   9.0600000e+02   9.0600000e+02   9.1816570e-01
   5.4000000e+00   9.6600000e+02   9.6600000e+02   9.7897137e-01
   5.5000000e+00   1.0590000e+03   1.0590000e+03   1.0732202e+00
   5.6000000e+00   9.5800000e+02   9.5800000e+02   9.7086395e-01
   5.7000000e+00   9.8700000e+02   9.8700000e+02   1.0002534e+00
   5.8000000e+00   1.0410000e+03   1.0410000e+03   1.0549785e+00
   5.9000000e+00   9.7400000e+02   9.7400000e+02   9.8707879e-01
   6.0000000e+00   9.8600000e+02   9.8600000e+02   9.9923993e-01
   6.1000000e+00   9.7500000e+02   9.7500000e+02   9.8809222e-01
   6.2000000e+00   9.9500000e+02   9.9500000e+02   1.0083608e+00
   6.3000000e+00   9.7200000e+02   9.7200000e+02   9.8505194e-01
   6.4000000e+00   1.0200000e+03   1.0200000e+03   1.0336965e+00
   6.5000000e+00   1.0100000e+03   1.0100000e+03   1.0235622e+00
   6.6000000e+00   9.6300000e+02   9.6300000e+02   9.7593109e-01
   6.7000000e+00   9.3500000e+02   9.3500000e+02   9.4755511e-01
   6.8000000e+00   8.9100000e+02   8.9100000e+02   9.0296428e-01
   6.9000000e+00   9.9500000e+02   9.9500000e+02   1.0083608e+00
   7.0000000e+00   9.9600000e+02   9.9600000e+02   1.0093742e+00
   7.1000000e+00   9.6700000e+02   9.6700000e+02   9.7998480e-01
   7.2000000e+00   9.3700000e+02   9.3700000e+02   9.4958196e-01
   7.3000000e+00   9.9000000e+02   9.9000000e+02   1.0032936e+00
   7.4000000e+00   1.0290000e+03   1.0290000e+03   1.0428173e+00
   7.5000000e+00   1.0420000e+03   1.0420000e+03   1.0559919e+00
   7.6000000e+00   9.5600000e+02   9.5600000e+02   9.6883709e-01
   7.7000000e+00   9.6200000e+02   9.6200000e+02   9.7491766e-01
   7.8000000e+00   9.7000000e+02   9.7000000e+02   9.8302508e-01
   7.9000000e+00   9.6400000e+02   9.6400000e+02   9.7694451e-01
   8.0000000e+00   1.0150000e+03   1.0150000e+03   1.0286293e+00
   8.1000000e+00   1.0210000e+03   1.0210000e+03   1.0347099e+00
   8.2000000e+00   9.8200000e+02   9.8200000e+02   9.9518622e-01
   8.3000000e+00   1.0080000e+03   1.0080000e+03   1.0215353e+00
   8.4000000e+00   9.9000000e+02   9.9000000e+02   1.0032936e+00
   8.5000000e+00   9.2900000e+02   9.2900000e+02   9.4147454e-01
   8.6000000e+00   9.6600000e+02   9.6600000e+02   9.7897137e-01
   8.7000000e+00   1.0410000e+03   1.0410000e+03   1.0549785e+00
   8.8000000e+00   9.4900000e+02   9.4900000e+02   9.6174310e-01
   8.9000000e+00   1.0470000e+03   1.0470000e+03   1.0610590e+00
   9.0000000e+00   9.5200000e+02   9.5200000e+02   9.6478338e-01
   9.1000000e+00   1.0460000e+03   1.0460000e+03   1.0600456e+00
   9.2000000e+00   9.6300000e+02   9.6300000e+02   9.7593109e-01
   9.3000000e+00   9.0300000e+02   9.0300000e+02   9.1512541e-01
   9.4000000e+00   1.0270000e+03   1.0270000e+03   1.0407905e+00
   9.5000000e+00   1.0670000e+03   1.0670000e+03   1.0813276e+00
   9.6000000e+00   1.0640000e+03   1.0640000e+03   1.0782873e+00
   9.7000000e+00   9.7900000e+02   9.7900000e+02   9.9214593e-01
   9.8000000e+00   9.9400000e+02   9.9400000e+02   1.0073474e+00
   9.9000000e+00   8.0600000e+02   8.0600000e+02   8.1682290e-01
   1.0000000e+01   7.9500000e+02   7.9500000e+02   8.0567520e-01
   1.0100000e+01   8.4400000e+02   8.4400000e+02   8.5533316e-01
   1.0200000e+01   7.9600000e+02   7.9600000e+02   8.0668862e-01
   1.0300000e+01   7.8500000e+02   7.8500000e+02   7.9554092e-01
   1.0400000e+01   8.0200000e+02   8.0200000e+02   8.1276919e-01
   1.0500000e+01   8.2800000e+02   8.2800000e+02   8.3911832e-01
   1.0600000e+01   8.5800000e+02   8.5800000e+02   8.6952116e-01
   1.0700000e+01   7.7300000e+02   7.7300000e+02   7.8337978e-01
   1.0800000e+01   7.9300000e+02   7.9300000e+02   8.0364834e-01
   1.0900000e+01   8.0100000e+02   8.0100000e+02   8.1175576e-01
   1.1000000e+01   7.8900000e+02   7.8900000e+02   7.9959463e-01
   1.1100000e+01   7.8700000e+02   7.8700000e+02   7.9756777e-01
   1.1200000e+01   7.2300000e+02   7.2300000e+02   7.3270839e-01
   1.1300000e+01   7.7500000e+02   7.7500000e+02   7.8540664e-01
   1.1400000e+01   8.3200000e+02   8.3200000e+02   8.4317203e-01
   1.1500000e+01   7.4800000e+02   7.4800000e+02   7.5804408e-01
   1.1600000e+01   8.1500000e+02   8.1500000e+02   8.2594375e-01
   1.1700000e+01   7.9600000e+02   7.9600000e+02   8.0668862e-01
   1.1800000e+01   7.8200000e+02   7.8200000e+02   7.9250063e-01
   1.1900000e+01   8.0400000e+02   8.0400000e+02   8.1479605e-01
   1.2000000e+01   8.1200000e+02   8.1200000e+02   8.2290347e-01
   1.2100000e+01   7.8300000e+02   7.8300000e+02   7.9351406e-01
   1.2200000e+01   8.5000000e+02   8.5000000e+02   8.6141373e-01
   1.2300000e+01   8.4800000e+02   8.4800000e+02   8.5938688e-01
   1.2400000e+01   8.0500000e+02   8.0500000e+02   8.1580948e-01
   1.2500000e+01   7.9300000e+02   7.9300000e+02   8.0364834e-01
   1.2600000e+01   6.3600000e+02   6.3600000e+02   6.4454016e-01
   1.2700000e+01   6.4200000e+02   6.4200000e+02   6.5062072e-01
   1.2800000e+01   5.7000000e+02   5.7000000e+02   5.7765391e-01
   1.2900000e+01   6.0700000e+02   6.0700000e+02   6.1515075e-01
   1.3000000e+01   5.9400000e+02   5.9400000e+02   6.0197618e-01
   1.3100000e+01   5.6400000e+02   5.6400000e+02   5.7157335e-01
   1.3200000e+01   5.5100000e+02   5.5100000e+02   5.5839878e-01
   1.3300000e+01   5.9200000e+02   5.9200000e+02   5.9994933e-01
   1.3400000e+01   5.8600000e+02   5.8600000e+02   5.9386876e-01
   1.3500000e+01   6.1000000e+02   6.1000000e+02   6.1819103e-01
   1.3600000e+01   6.3900000e+02   6.3900000e+02   6.4758044e-01
   1.3700000e+01   5.6100000e+02   5.6100000e+02   5.6853306e-01
   1.3800000e+01   5.8300000e+02   5.8300000e+02   5.9082848e-01
   1.3900000e+01   4.4600000e+02   4.4600000e+02   4.5198885e-01
   1.4000000e+01   2.6000000e+02   2.6000000e+02   2.6349126e-01
   1.4100000e+01   3.6200000e+02   3.6200000e+02   3.6686091e-01
   1.4200000e+01   3.3400000e+02   3.3400000e+02   3.3848493e-01
   1.4300000e+01   2.7600000e+02   2.7600000e+02   2.7970611e-01
   1.4400000e+01   1.3700000e+02   1.3700000e+02   1.3883963e-01
   1.4500000e+01   1.8200000e+02   1.8200000e+02   1.8444388e-01
   1.4600000e+01   1.6300000e+02   1.6300000e+02   1.6518875e-01
   1.4700000e+01   1.3900000e+02   1.3900000e+02   1.4086648e-01
   1.4800000e+01   1.8300000e+02   1.8300000e+02   1.8545731e-01
   1.4900000e+01   1.5900000e+02   1.5900000e+02   1.6113504e-01
   1.5000000e+01   1.3800000e+02   1.3800000e+02   1.3985305e-01
   1.5100000e+01   1.3500000e+02   1.3500000e+02   1.3681277e-01
   1.5200000e+01   1.9200000e+02   1.9200000e+02   1.9457816e-01
   1.5300000e+01   1.3600000e+02   1.3600000e+02   1.3782620e-01
   1.5400000e+01   1.4900000e+02   1.4900000e+02   1.5100076e-01
   1.5500000e+01   1.6300000e+02   1.6300000e+02   1.6518875e-01
   1.5600000e+01   1.5000000e+02   1.5000000e+02   1.5201419e-01
   1.5700000e+01   2.0000000e+02   2.0000000e+02   2.0268558e-01
   1.5800000e+01   1.6700000e+02   1.6700000e+02   1.6924246e-01
   1.5900000e+01   1.9500000e+02   1.9500000e+02   1.9761844e-01
   1.6000000e+01   1.7200000e+02   1.7200000e+02   1.7430960e-01
   1.6100000e+01   1.6100000e+02   1.6100000e+02   1.6316190e-01
   1.6200000e+01   1.9700000e+02   1.9700000e+02   1.9964530e-01
   1.6300000e+01   1.6800000e+02   1.6800000e+02   1.7025589e-01
   1.6400000e+01   1.1900000e+02   1.1900000e+02   1.2059792e-01
   1.6500000e+01   1.9600000e+02   1.9600000e+02   1.9863187e-01
   1.6600000e+01   1.7400000e+02   1.7400000e+02   1.7633646e-01
   1.6700000e+01   1.4300000e+02   1.4300000e+02   1.4492019e-01
   1.6800000e+01   1.6500000e+02   1.6500000e+02   1.6721561e-01
   1.6900000e+01   1.6800000e+02   1.6800000e+02   1.7025589e-01
   1.7000000e+01   1.5600000e+02   1.5600000e+02   1.5809476e-01
   1.7100000e+01   2.0600000e+02   2.0600000e+02   2.0876615e-01
   1.7200000e+01   1.7800000e+02   1.7800000e+02   1.8039017e-01
   1.7300000e+01   1.7200000e+02   1.7200000e+02   1.7430960e-01
   1.7400000e+01   1.6400000e+02   1.6400000e+02   1.6620218e-01
   1.7500000e+01   1.5600000e+02   1.5600000e+02   1.5809476e-01
   1.7600000e+01   1.3700000e+02   1.3700000e+02   1.3883963e-01
   1.7700000e+01   1.4500000e+02   1.4500000e+02   1.4694705e-01
   1.7800000e+01   2.0000000e+02   2.0000000e+02   2.0268558e-01
   1.7900000e+01   1.4000000e+02   1.4000000e+02   1.4187991e-01
   1.8000000e+01   1.5700000e+02   1.5700000e+02   1.5910818e-01
   1.8100000e+01   1.4600000e+02   1.4600000e+02   1.4796048e-01
   1.8200000e+01   1.6900000e+02   1.6900000e+02   1.7126932e-01
   1.8300000e+01   1.3400000e+02   1.3400000e+02   1.3579934e-01
   1.8400000e+01   1.6500000e+02   1.6500000e+02   1.6721561e-01
   1.8500000e+01   1.6300000e+02   1.6300000e+02   1.6518875e-01
   1.8600000e+01   1.9300000e+02   1.9300000e+02   1.9559159e-01
   1.8700000e+01   1.3700000e+02   1.3700000e+02   1.3883963e-01
   1.8800000e+01   1.4900000e+02   1.4900000e+02   1.5100076e-01
   1.8900000e+01   1.4300000e+02   1.4300000e+02   1.4492019e-01
   1.9000000e+01   1.3800000e+02   1.3800000e+02   1.3985305e-01
   1.9100000e+01   1.5900000e+02   1.5900000e+02   1.6113504e-01
   1.9200000e+01   1.4300000e+02   1.4300000e+02   1.4492019e-01
   1.9300000e+01   1.5100000e+02   1.5100000e+02   1.5302762e-01
   1.9400000e+01   1.2400000e+02   1.2400000e+02   1.2566506e-01
   1.9500000e+01   1.5300000e+02   1.5300000e+02   1.5505447e-01
   1.9600000e+01   2.0500000e+02   2.0500000e+02   2.0775272e-01
   1.9700000e+01   1.6200000e+02   1.6200000e+02   1.6417532e-01
   1.9800000e+01   1.1700000e+02   1.1700000e+02   1.1857107e-01
   1.9900000e+01   1.8500000e+02   1.8500000e+02   1.8748417e-01
   2.0000000e+01   1.6300000e+02   1.6300000e+02   1.6518875e-01
   2.0100000e+01   1.8800000e+02   1.8800000e+02   1.9052445e-01
   2.0200000e+01   2.0400000e+02   2.0400000e+02   2.0673930e-01
   2.0300000e+01   1.7600000e+02   1.7600000e+02   1.7836331e-01
   2.0400000e+01   1.8300000e+02   1.8300000e+02   1.8545731e-01
   2.0500000e+01   1.7500000e+02   1.7500000e+02   1.7734989e-01
   2.0600000e+01   1.9700000e+02   1.9700000e+02   1.9964530e-01
   2.0700000e+01   2.1100000e+02   2.1100000e+02   2.1383329e-01
   2.0800000e+01   1.4800000e+02   1.4800000e+02   1.4998733e-01
   2.0900000e+01   1.8800000e+02   1.8800000e+02   1.9052445e-01
   2.1000000e+01   1.3100000e+02   1.3100000e+02   1.3275906e-01
   2.1100000e+01   1.5200000e+02   1.5200000e+02   1.5404104e-01
   2.1200000e+01   1.4400000e+02   1.4400000e+02   1.4593362e-01
   2.1300000e+01   1.9700000e+02   1.9700000e+02   1.9964530e-01
   2.1400000e+01   1.8100000e+02   1.8100000e+02   1.8343045e-01
   2.1500000e+01   1.8300000e+02   1.8300000e+02   1.8545731e-01
   2.1600000e+01   1.5500000e+02   1.5500000e+02   1.5708133e-01
   2.1700000e+01   1.1800000e+02   1.1800000e+02   1.1958449e-01
   2.1800000e+01   1.6000000e+02   1.6000000e+02   1.6214847e-01
   2.1900000e+01   1.7500000e+02   1.7500000e+02   1.7734989e-01
   2.2000000e+01   1.3700000e+02   1.3700000e+02   1.3883963e-01
   2.2100000e+01   1.3800000e+02   1.3800000e+02   1.3985305e-01
   2.2200000e+01   1.5100000e+02   1.5100000e+02   1.5302762e-01
   2.2300000e+01   1.7600000e+02   1.7600000e+02   1.7836331e-01
   2.2400000e+01   1.6900000e+02   1.6900000e+02   1.7126932e-01
   2.2500000e+01   1.6300000e+02   1.6300000e+02   1.6518875e-01
   2.2600000e+01   1.3200000e+02   1.3200000e+02   1.3377249e-01
   2.2700000e+01   1.3400000e+02   1.3400000e+02   1.3579934e-01
   2.2800000e+01   1.6300000e+02   1.6300000e+02   1.6518875e-01
   2.2900000e+01   1.3100000e+02   1.3100000e+02   1.3275906e-01
   2.3000000e+01   1.7700000e+02   1.7700000e+02   1.7937674e-01
   2.3100000e+01   1.7000000e+02   1.7000000e+02   1.7228275e-01
   2.3200000e+01   1.4800000e+02   1.4800000e+02   1.4998733e-01
   2.3300000e+01   1.3400000e+02   1.3400000e+02   1.3579934e-01
   2.3400000e+01   1.5700000e+02   1.5700000e+02   1.5910818e-01
   2.3500000e+01   1.4600000e+02   1.4600000e+02   1.4796048e-01
   2.3600000e+01   1.4900000e+02   1.4900000e+02   1.5100076e-01
   2.3700000e+01   1.8600000e+02   1.8600000e+02   1.8849759e-01
   2.3800000e+01   1.8800000e+02   1.8800000e+02   1.9052445e-01
   2.3900000e+01   1.9200000e+02   1.9200000e+02   1.9457816e-01
   2.4000000e+01   1.7700000e+02   1.7700000e+02   1.7937674e-01
   2.4100000e+01   1.5300000e+02   1.5300000e+02   1.5505447e-01
   2.4200000e+01   1.4000000e+02   1.4000000e+02   1.4187991e-01
   2.4300000e+01   1.5700000e+02   1.5700000e+02   1.5910818e-01
   2.4400000e+01   1.5200000e+02   1.5200000e+02   1.5404104e-01
   2.4500000e+01   1.7100000e+02   1.7100000e+02   1.7329617e-01
   2.4600000e+01   1.8400000e+02   1.8400000e+02   1.8647074e-01
   2.4700000e+01   2.1200000e+02   2.1200000e+02   2.1484672e-01
   2.4800000e+01   1.4600000e+02   1.4600000e+02   1.4796048e-01
   2.4900000e+01   1.5900000e+02   1.5900000e+02   1.6113504e-01
   2.5000000e+01   1.7500000e+02   1.7500000e+02   1.7734989e-01
   2.5100000e+01   1.2200000e+02   1.2200000e+02   1.2363821e-01
   2.5200000e+01   1.7800000e+02   1.7800000e+02   1.8039017e-01
   2.5300000e+01   1.7000000e+02   1.7000000e+02   1.7228275e-01
   2.5400000e+01   1.8800000e+02   1.8800000e+02   1.9052445e-01
   2.5500000e+01   1.7200000e+02   1.7200000e+02   1.7430960e-01
   2.5600000e+01   1.5800000e+02   1.5800000e+02   1.6012161e-01
   2.5700000e+01   1.9300000e+02   1.9300000e+02   1.9559159e-01
   2.5800000e+01   2.1500000e+02   2.1500000e+02   2.1788700e-01
   2.5900000e+01   1.4800000e+02   1.4800000e+02   1.4998733e-01
   2.6000000e+01   1.5600000e+02   1.5600000e+02   1.5809476e-01
   2.6100000e+01   1.6600000e+02   1.6600000e+02   1.6822903e-01
   2.6200000e+01   1.7500000e+02   1.7500000e+02   1.7734989e-01
   2.6300000e+01   1.5300000e+02   1.5300000e+02   1.5505447e-01
   2.6400000e+01   2.1400000e+02   2.1400000e+02   2.1687357e-01
   2.6500000e+01   1.6700000e+02   1.6700000e+02   1.6924246e-01
   2.6600000e+01   1.8900000e+02   1.8900000e+02   1.9153788e-01
   2.6700000e+01   1.5300000e+02   1.5300000e+02   1.5505447e-01
   2.6800000e+01   1.7800000e+02   1.7800000e+02   1.8039017e-01
   2.6900000e+01   1.7900000e+02   1.7900000e+02   1.8140360e-01
   2.7000000e+01   1.6700000e+02   1.6700000e+02   1.6924246e-01
   2.7100000e+01   1.5200000e+02   1.5200000e+02   1.5404104e-01
   2.7200000e+01   1.6800000e+02   1.6800000e+02   1.7025589e-01
   2.7300000e+01   1.3300000e+02   1.3300000e+02   1.3478591e-01
   2.7400000e+01   1.5900000e+02   1.5900000e+02   1.6113504e-01
   2.7500000e+01   1.8900000e+02   1.8900000e+02   1.9153788e-01
   2.7600000e+01   1.7500000e+02   1.7500000e+02   1.7734989e-01
   2.7700000e+01   1.5000000e+02   1.5000000e+02   1.5201419e-01
   2.7800000e+01   1.7400000e+02   1.7400000e+02   1.7633646e-01
   2.7900000e+01   1.2500000e+02   1.2500000e+02   1.2667849e-01
   2.8000000e+01   1.3700000e+02   1.3700000e+02   1.3883963e-01
   2.8100000e+01   1.5200000e+02   1.5200000e+02   1.5404104e-01
   2.8200000e+01   1.7700000e+02   1.7700000e+02   1.7937674e-01
   2.8300000e+01   1.7700000e+02   1.7700000e+02   1.7937674e-01
   2.8400000e+01   2.1200000e+02   2.1200000e+02   2.1484672e-01
   2.8500000e+01   1.5300000e+02   1.5300000e+02   1.5505447e-01
   2.8600000e+01   1.6800000e+02   1.6800000e+02   1.7025589e-01
   2.8700000e+01   1.8100000e+02   1.8100000e+02   1.8343045e-01
   2.8800000e+01   1.5800000e+02   1.5800000e+02   1.6012161e-01
   2.8900000e+01   1.8200000e+02   1.8200000e+02   1.8444388e-01
   2.9000000e+01   1.3700000e+02   1.3700000e+02   1.3883963e-01
   2.9100000e+01   1.6100000e+02   1.6100000e+02   1.6316190e-01
   2.9200000e+01   1.6100000e+02   1.6100000e+02   1.6316190e-01
   2.9300000e+01   1.7100000e+02   1.7100000e+02   1.7329617e-01
   2.9400000e+01   1.8200000e+02   1.8200000e+02   1.8444388e-01
   2.9500000e+01   1.4400000e+02   1.4400000e+02   1.4593362e-01
   2.9600000e+01   1.3200000e+02   1.3200000e+02   1.3377249e-01
   2.9700000e+01   1.4400000e+02   1.4400000e+02   1.4593362e-01
   2.9800000e+01   1.8500000e+02   1.8500000e+02   1.8748417e-01
   2.9900000e+01   1.7100000e+02   1.7100000e+02   1.7329617e-01
   3.0000000e+01   1.7900000e+02   1.7900000e+02   1.8140360e-01
   3.0100000e+01   1.8300000e+02   1.8300000e+02   1.8545731e-01
   3.0200000e+01   1.7500000e+02   1.7500000e+02   1.7734989e-01
   3.0300000e+01   1.3100000e+02   1.3100000e+02   1.3275906e-01
   3.0400000e+01   1.5300000e+02   1.5300000e+02   1.5505447e-01
   3.0500000e+01   1.4400000e+02   1.4400000e+02   1.4593362e-01
   3.0600000e+01   1.6600000e+02   1.6600000e+02   1.6822903e-01
   3.0700000e+01   1.5400000e+02   1.5400000e+02   1.5606790e-01
   3.0800000e+01   5.7000000e+01   5.7000000e+01   5.7765391e-02
   3.0900000e+01   4.6000000e+01   4.6000000e+01   4.6617684e-02
   3.1000000e+01  -2.8000000e+01  -2.8000000e+01  -2.8375982e-02
   3.1100000e+01   2.0000000e+01   2.0000000e+01   2.0268558e-02
   3.1200000e+01   2.4000000e+01   2.4000000e+01   2.4322270e-02
   3.1300000e+01  -1.3000000e+01  -1.3000000e+01  -1.3174563e-02
   3.1400000e+01  -3.4000000e+01  -3.4000000e+01  -3.4456549e-02
   3.1500000e+01  -6.0000000e+00  -6.0000000e+00  -6.0805675e-03
   3.1600000e+01   0.0000000e+00   0.0000000e+00   0.0000000e+00
   3.1700000e+01   1.0000000e+00   1.0000000e+00   1.0134279e-03
   3.1800000e+01   1.0000000e+00   1.0000000e+00   1.0134279e-03
   3.1900000e+01   6.0000000e+00   6.0000000e+00   6.0805675e-03
   3.2000000e+01  -4.0000000e+00  -4.0000000e+00  -4.0537117e-03
   3.2100000e+01  -7.0000000e+00  -7.0000000e+00  -7.0939954e-03
   3.2200000e+01   0.0000000e+00   0.0000000e+00   0.0000000e+00
   3.2300000e+01  -4.0000000e+00  -4.0000000e+00  -4.0537117e-03
   3.2400000e+01   5.0000000e+00   5.0000000e+00   5.0671396e-03
   3.2500000e+01  -2.0000000e+00  -2.0000000e+00  -2.0268558e-03
   3.2600000e+01  -1.2000000e+01  -1.2000000e+01  -1.2161135e-02
   3.2700000e+01  -9.0000000e+00  -9.0000000e+00  -9.1208513e-03
   3.2800000e+01   1.1000000e+01   1.1000000e+01   1.1147707e-02
   3.2900000e+01   1.1000000e+01   1.1000000e+01   1.1147707e-02
   3.3000000e+01   3.7000000e+01   3.7000000e+01   3.7496833e-02
   3.3100000e+01  -9.0000000e+00  -9.0000000e+00  -9.1208513e-03
   3.3200000e+01   1.0000000e+00   1.0000000e+00   1.0134279e-03
   3.3300000e+01  -2.1000000e+01  -2.1000000e+01  -2.1281986e-02
   3.3400000e+01   4.0000000e+00   4.0000000e+00   4.0537117e-03
   3.3500000e+01   2.0000000e+01   2.0000000e+01   2.0268558e-02
   3.3600000e+01  -4.0000000e+00  -4.0000000e+00  -4.0537117e-03
   3.3700000e+01  -5.0000000e+00  -5.0000000e+00  -5.0671396e-03
   3.3800000e+01  -8.0000000e+00  -8.0000000e+00  -8.1074234e-03
   3.3900000e+01   4.0000000e+00   4.0000000e+00   4.0537117e-03
   3.4000000e+01   6.0000000e+00   6.0000000e+00   6.0805675e-03
   3.4100000e+01   8.0000000e+00   8.0000000e+00   8.1074234e-03
   3.4200000e+01  -1.6000000e+01  -1.6000000e+01  -1.6214847e-02
   3.4300000e+01   2.3000000e+01   2.3000000e+01   2.3308842e-02
   3.4400000e+01  -1.0000000e+01  -1.0000000e+01  -1.0134279e-02
   3.4500000e+01   1.4000000e+01   1.4000000e+01   1.4187991e-02
   3.4600000e+01  -7.0000000e+00  -7.0000000e+00  -7.0939954e-03
   3.4700000e+01  -1.2000000e+01  -1.2000000e+01  -1.2161135e-02
   3.4800000e+01  -8.0000000e+00  -8.0000000e+00  -8.1074234e-03
   3.4900000e+01   1.9000000e+01   1.9000000e+01   1.9255130e-02
   3.5000000e+01  -7.0000000e+00  -7.0000000e+00  -7.0939954e-03
   3.5100000e+01   1.8000000e+01   1.8000000e+01   1.8241703e-02
   3.5200000e+01   8.0000000e+00   8.0000000e+00   8.1074234e-03
   3.5300000e+01  -9.0000000e+00  -9.0000000e+00  -9.1208513e-03
   3.5400000e+01  -2.1000000e+01  -2.1000000e+01  -2.1281986e-02
   3.5500000e+01   6.0000000e+00   6.0000000e+00   6.0805675e-03
   3.5600000e+01   2.7000000e+01   2.7000000e+01   2.7362554e-02
   3.5700000e+01   9.0000000e+00   9.0000000e+00   9.1208513e-03
   3.5800000e+01  -1.0000000e+00  -1.0000000e+00  -1.0134279e-03
   3.5900000e+01  -3.2000000e+01  -3.2000000e+01  -3.2429693e-02
   3.6000000e+01  -4.0000000e+00  -4.0000000e+00  -4.0537117e-03
   3.6100000e+01   2.5000000e+01   2.5000000e+01   2.5335698e-02
   3.6200000e+01   5.0000000e+00   5.0000000e+00   5.0671396e-03
   3.6300000e+01  -1.1000000e+01  -1.1000000e+01  -1.1147707e-02
   3.6400000e+01   3.4000000e+01   3.4000000e+01   3.4456549e-02
   3.6500000e+01   1.0000000e+00   1.0000000e+00   1.0134279e-03
   3.6600000e+01   1.0000000e+01   1.0000000e+01   1.0134279e-02
   3.6700000e+01  -1.1000000e+01  -1.1000000e+01  -1.1147707e-02
   3.6800000e+01   1.3000000e+01   1.3000000e+01   1.3174563e-02
   3.6900000e+01   3.0000000e+00   3.0000000e+00   3.0402838e-03
   3.7000000e+01   1.9000000e+01   1.9000000e+01   1.9255130e-02
   3.7100000e+01   3.0000000e+00   3.0000000e+00   3.0402838e-03
   3.7200000e+01   6.0000000e+00   6.0000000e+00   6.0805675e-03
   3.7300000e+01  -1.3000000e+01  -1.3000000e+01  -1.3174563e-02
   3.7400000e+01   3.0000000e+00   3.0000000e+00   3.0402838e-03
   3.7500000e+01   2.0000000e+00   2.0000000e+00   2.0268558e-03
   3.7600000e+01  -2.0000000e+00  -2.0000000e+00  -2.0268558e-03
   3.7700000e+01   2.0000000e+01   2.0000000e+01   2.0268558e-02
   3.7800000e+01  -2.2000000e+01  -2.2000000e+01  -2.2295414e-02
   3.7900000e+01  -1.0000000e+00  -1.0000000e+00  -1.0134279e-03
   3.8000000e+01  -1.4000000e+01  -1.4000000e+01  -1.4187991e-02
   3.8100000e+01   2.1000000e+01   2.1000000e+01   2.1281986e-02
   3.8200000e+01   8.0000000e+00   8.0000000e+00   8.1074234e-03
   3.8300000e+01   9.0000000e+00   9.0000000e+00   9.1208513e-03
   3.8400000e+01   7.0000000e+00   7.0000000e+00   7.0939954e-03
   3.8500000e+01   2.3000000e+01   2.3000000e+01   2.3308842e-02
   3.8600000e+01   1.6000000e+01   1.6000000e+01   1.6214847e-02
   3.8700000e+01  -1.3000000e+01  -1.3000000e+01  -1.3174563e-02
   3.8800000e+01   3.1000000e+01   3.1000000e+01   3.1416266e-02
   3.8900000e+01  -4.0000000e+00  -4.0000000e+00  -4.0537117e-03
   3.9000000e+01  -5.0000000e+00  -5.0000000e+00  -5.0671396e-03
   3.9100000e+01  -1.4000000e+01  -1.4000000e+01  -1.4187991e-02
   3.9200000e+01   2.0000000e+00   2.0000000e+00   2.0268558e-03
   3.9300000e+01   0.0000000e+00   0.0000000e+00   0.0000000e+00
   3.9400000e+01   2.6000000e+01   2.6000000e+01   2.6349126e-02
   3.9500000e+01   1.7000000e+01   1.7000000e+01   1.7228275e-02
   3.9600000e+01  -8.0000000e+00  -8.0000000e+00  -8.1074234e-03
   3.9700000e+01   2.6000000e+01   2.6000000e+01   2.6349126e-02
   3.9800000e+01   1.0000000e+00   1.0000000e+00   1.0134279e-03
   3.9900000e+01  -2.5000000e+01  -2.5000000e+01  -2.5335698e-02
   4.0000000e+01  -3.1000000e+01  -3.1000000e+01  -3.1416266e-02
   4.0100000e+01  -2.0000000e+00  -2.0000000e+00  -2.0268558e-03
   4.0200000e+01  -1.0000000e+00  -1.0000000e+00  -1.0134279e-03
   4.0300000e+01   0.0000000e+00   0.0000000e+00   0.0000000e+00
   4.0400000e+01   1.1000000e+01   1.1000000e+01   1.1147707e-02
   4.0500000e+01   1.7000000e+01   1.7000000e+01   1.7228275e-02
   4.0600000e+01   2.0000000e+00   2.0000000e+00   2.0268558e-03
   4.0700000e+01   6.0000000e+00   6.0000000e+00   6.0805675e-03
   4.0800000e+01   2.5000000e+01   2.5000000e+01   2.5335698e-02
   4.0900000e+01   9.0000000e+00   9.0000000e+00   9.1208513e-03
   4.1000000e+01   5.0000000e+00   5.0000000e+00   5.0671396e-03
   4.1100000e+01   1.1000000e+01   1.1000000e+01   1.1147707e-02
   4.1200000e+01   1.0000000e+01   1.0000000e+01   1.0134279e-02
   4.1300000e+01  -1.2000000e+01  -1.2000000e+01  -1.2161135e-02
   4.1400000e+01   1.7000000e+01   1.7000000e+01   1.7228275e-02
   4.1500000e+01  -2.4000000e+01  -2.4000000e+01  -2.4322270e-02
   4.1600000e+01   9.0000000e+00   9.0000000e+00   9.1208513e-03
   4.1700000e+01  -1.0000000e+00  -1.0000000e+00  -1.0134279e-03
   4.1800000e+01   1.3000000e+01   1.3000000e+01   1.3174563e-02
   4.1900000e+01  -6.0000000e+00  -6.0000000e+00  -6.0805675e-03
   4.2000000e+01  -6.0000000e+00  -6.0000000e+00  -6.0805675e-03
   4.2100000e+01   1.1000000e+01   1.1000000e+01   1.1147707e-02
   4.2200000e+01  -1.1000000e+01  -1.1000000e+01  -1.1147707e-02
   4.2300000e+01  -1.4000000e+01  -1.4000000e+01  -1.4187991e-02
   4.2400000e+01  -2.1000000e+01  -2.1000000e+01  -2.1281986e-02
   4.2500000e+01   2.1000000e+01   2.1000000e+01   2.1281986e-02
   4.2600000e+01  -6.0000000e+00  -6.0000000e+00  -6.0805675e-03
   4.2700000e+01  -1.1000000e+01  -1.1000000e+01  -1.1147707e-02
   4.2800000e+01   1.8000000e+01   1.8000000e+01   1.8241703e-02
   4.2900000e+01   1.6000000e+01   1.6000000e+01   1.6214847e-02
   4.3000000e+01  -2.9000000e+01  -2.9000000e+01  -2.9389410e-02
   4.3100000e+01   9.0000000e+00   9.0000000e+00   9.1208513e-03
   4.3200000e+01   4.6000000e+01   4.6000000e+01   4.6617684e-02
   4.3300000e+01  -1.8000000e+01  -1.8000000e+01  -1.8241703e-02
   4.3400000e+01   4.0000000e+00   4.0000000e+00   4.0537117e-03
   4.3500000e+01   5.0000000e+00   5.0000000e+00   5.0671396e-03
   4.3600000e+01  -1.3000000e+01  -1.3000000e+01  -1.3174563e-02
   4.3700000e+01  -1.6000000e+01  -1.6000000e+01  -1.6214847e-02
   4.3800000e+01  -1.4000000e+01  -1.4000000e+01  -1.4187991e-02
   4.3900000e+01   0.0000000e+00   0.0000000e+00   0.0000000e+00
   4.4000000e+01   7.0000000e+00   7.0000000e+00   7.0939954e-03
   4.4100000e+01  -1.4000000e+01  -1.4000000e+01  -1.4187991e-02
   4.4200000e+01  -3.0000000e+01  -3.0000000e+01  -3.0402838e-02
   4.4300000e+01   2.0000000e+00   2.0000000e+00   2.0268558e-03
   4.4400000e+01  -3.3000000e+01  -3.3000000e+01  -3.3443121e-02
   4.4500000e+01   1.8000000e+01   1.8000000e+01   1.8241703e-02
   4.4600000e+01   2.2000000e+01   2.2000000e+01   2.2295414e-02
   4.4700000e+01   3.1000000e+01   3.1000000e+01   3.1416266e-02
   4.4800000e+01   3.0000000e+00   3.0000000e+00   3.0402838e-03
   4.4900000e+01   7.0000000e+00   7.0000000e+00   7.0939954e-03
   4.5000000e+01   2.1000000e+01   2.1000000e+01   2.1281986e-02
   4.5100000e+01   0.0000000e+00   0.0000000e+00   0.0000000e+00
   4.5200000e+01  -1.0000000e+01  -1.0000000e+01  -1.0134279e-02
   4.5300000e+01   2.0000000e+01   2.0000000e+01   2.0268558e-02
   4.5400000e+01   1.8000000e+01   1.8000000e+01   1.8241703e-02
   4.5500000e+01   1.2000000e+01   1.2000000e+01   1.2161135e-02
   4.5600000e+01  -1.2000000e+01  -1.2000000e+01  -1.2161135e-02
   4.5700000e+01   3.0000000e+00   3.0000000e+00   3.0402838e-03
   4.5800000e+01   1.2000000e+01   1.2000000e+01   1.2161135e-02
   4.5900000e+01  -1.0000000e+01  -1.0000000e+01  -1.0134279e-02
   4.6000000e+01  -1.0000000e+01  -1.0000000e+01  -1.0134279e-02
   4.6100000e+01  -2.3000000e+01  -2.3000000e+01  -2.3308842e-02
   4.6200000e+01  -2.2000000e+01  -2.2000000e+01  -2.2295414e-02
   4.6300000e+01   8.0000000e+00   8.0000000e+00   8.1074234e-03
   4.6400000e+01   1.4000000e+01   1.4000000e+01   1.4187991e-02
   4.6500000e+01  -2.0000000e+00  -2.0000000e+00  -2.0268558e-03
   4.6600000e+01   1.6000000e+01   1.6000000e+01   1.6214847e-02
   4.6700000e+01   2.1000000e+01   2.1000000e+01   2.1281986e-02
   4.6800000e+01  -1.0000000e+01  -1.0000000e+01  -1.0134279e-02
   4.6900000e+01   1.2000000e+01   1.2000000e+01   1.2161135e-02
   4.7000000e+01   1.7000000e+01   1.7000000e+01   1.7228275e-02
   4.7100000e+01   2.1000000e+01   2.1000000e+01   2.1281986e-02
   4.7200000e+01   1.0000000e+01   1.0000000e+01   1.0134279e-02
   4.7300000e+01  -9.0000000e+00  -9.0000000e+00  -9.1208513e-03
   4.7400000e+01   5.0000000e+00   5.0000000e+00   5.0671396e-03
   4.7500000e+01   0.0000000e+00   0.0000000e+00   0.0000000e+00
   4.7600000e+01  -5.0000000e+00  -5.0000000e+00  -5.0671396e-03
   4.7700000e+01  -1.0000000e+01  -1.0000000e+01  -1.0134279e-02
   4.7800000e+01   3.0000000e+00   3.0000000e+00   3.0402838e-03
   4.7900000e+01   1.4000000e+01   1.4000000e+01   1.4187991e-02
   4.8000000e+01   8.0000000e+00   8.0000000e+00   8.1074234e-03
   4.8100000e+01  -3.0000000e+00  -3.0000000e+00  -3.0402838e-03
   4.8200000e+01   1.9000000e+01   1.9000000e+01   1.9255130e-02
   4.8300000e+01   1.7000000e+01   1.7000000e+01   1.7228275e-02
   4.8400000e+01  -1.4000000e+01  -1.4000000e+01  -1.4187991e-02
   4.8500000e+01   4.0000000e+00   4.0000000e+00   4.0537117e-03
   4.8600000e+01  -1.0000000e+01  -1.0000000e+01  -1.0134279e-02
   4.8700000e+01   1.2000000e+01   1.2000000e+01   1.2161135e-02
   4.8800000e+01  -9.0000000e+00  -9.0000000e+00  -9.1208513e-03
   4.8900000e+01  -1.3000000e+01  -1.3000000e+01  -1.3174563e-02
   4.9000000e+01   5.0000000e+00   5.0000000e+00   5.0671396e-03
   4.9100000e+01   1.7000000e+01   1.7000000e+01   1.7228275e-02
   4.9200000e+01   1.1000000e+01   1.1000000e+01   1.1147707e-02
   4.9300000e+01   2.3000000e+01   2.3000000e+01   2.3308842e-02
   4.9400000e+01  -1.2000000e+01  -1.2000000e+01  -1.2161135e-02
   4.9500000e+01  -3.0000000e+00  -3.0000000e+00  -3.0402838e-03
   4.9600000e+01  -1.3000000e+01  -1.3000000e+01  -1.3174563e-02
   4.9700000e+01   0.0000000e+00   0.0000000e+00   0.0000000e+00
   4.9800000e+01   9.0000000e+00   9.0000000e+00   9.1208513e-03
   4.9900000e+01   5.0000000e+00   5.0000000e+00   5.0671396e-03
   5.0000000e+01   1.7000000e+01   1.7000000e+01   1.7228275e-02
   5.0100000e+01  -5.0000000e+00  -5.0000000e+00  -5.0671396e-03
   5.0200000e+01   1.9000000e+01   1.9000000e+01   1.9255130e-02
   5.0300000e+01  -2.1000000e+01  -2.1000000e+01  -2.1281986e-02
   5.0400000e+01  -6.0000000e+00  -6.0000000e+00  -6.0805675e-03
   5.0500000e+01  -3.2000000e+01  -3.2000000e+01  -3.2429693e-02
   5.0600000e+01  -2.8000000e+01  -2.8000000e+01  -2.8375982e-02
   5.0700000e+01   2.1000000e+01   2.1000000e+01   2.1281986e-02
   5.0800000e+01  -5.0000000e+00  -5.0000000e+00  -5.0671396e-03
   5.0900000e+01   7.0000000e+00   7.0000000e+00   7.0939954e-03
   5.1000000e+01  -1.6000000e+01  -1.6000000e+01  -1.6214847e-02
   5.1100000e+01  -1.5000000e+01  -1.5000000e+01  -1.5201419e-02
   5.1200000e+01  -1.5000000e+01  -1.5000000e+01  -1.5201419e-02
   5.1300000e+01  -1.0000000e+01  -1.0000000e+01  -1.0134279e-02
   5.1400000e+01   4.0000000e+00   4.0000000e+00   4.0537117e-03
   5.1500000e+01  -2.0000000e+00  -2.0000000e+00  -2.0268558e-03
   5.1600000e+01   3.0000000e+00   3.0000000e+00   3.0402838e-03
   5.1700000e+01   2.0000000e+00   2.0000000e+00   2.0268558e-03
   5.1800000e+01   9.0000000e+00   9.0000000e+00   9.1208513e-03
   5.1900000e+01   6.0000000e+00   6.0000000e+00   6.0805675e-03
   5.2000000e+01   1.6000000e+01   1.6000000e+01   1.6214847e-02
   5.2100000e+01  -1.1000000e+01  -1.1000000e+01  -1.1147707e-02
   5.2200000e+01   7.0000000e+00   7.0000000e+00   7.0939954e-03
   5.2300000e+01  -2.8000000e+01  -2.8000000e+01  -2.8375982e-02
   5.2400000e+01  -8.0000000e+00  -8.0000000e+00  -8.1074234e-03
   5.2500000e+01  -1.9000000e+01  -1.9000000e+01  -1.9255130e-02
   5.2600000e+01   1.8000000e+01   1.8000000e+01   1.8241703e-02
   5.2700000e+01  -3.0000000e+00  -3.0000000e+00  -3.0402838e-03
   5.2800000e+01  -1.7000000e+01  -1.7000000e+01  -1.7228275e-02
   5.2900000e+01  -3.6000000e+01  -3.6000000e+01  -3.6483405e-02
   5.3000000e+01   1.6000000e+01   1.6000000e+01   1.6214847e-02
   5.3100000e+01  -1.0000000e+01  -1.0000000e+01  -1.0134279e-02
   5.3200000e+01  -1.1000000e+01  -1.1000000e+01  -1.1147707e-02
   5.3300000e+01  -7.0000000e+00  -7.0000000e+00  -7.0939954e-03
   5.3400000e+01   6.0000000e+00   6.0000000e+00   6.0805675e-03
   5.3500000e+01   7.0000000e+00   7.0000000e+00   7.0939954e-03
   5.3600000e+01   8.0000000e+00   8.0000000e+00   8.1074234e-03
   5.3700000e+01   6.0000000e+00   6.0000000e+00   6.0805675e-03
   5.3800000e+01  -1.0000000e+01  -1.0000000e+01  -1.0134279e-02
   5.3900000e+01   2.0000000e+01   2.0000000e+01   2.0268558e-02
   5.4000000e+01   1.0000000e+00   1.0000000e+00   1.0134279e-03
   5.4100000e+01  -1.6000000e+01  -1.6000000e+01  -1.6214847e-02
   5.4200000e+01  -1.0000000e+00  -1.0000000e+00  -1.0134279e-03
   5.4300000e+01  -4.3000000e+01  -4.3000000e+01  -4.3577401e-02
   5.4400000e+01   6.0000000e+00   6.0000000e+00   6.0805675e-03
   5.4500000e+01  -3.5000000e+01  -3.5000000e+01  -3.5469977e-02
   5.4600000e+01   3.2000000e+01   3.2000000e+01   3.2429693e-02
   5.4700000e+01   4.0000000e+00   4.0000000e+00   4.0537117e-03
   5.4800000e+01  -7.0000000e+00  -7.0000000e+00  -7.0939954e-03
   5.4900000e+01  -9.0000000e+00  -9.0000000e+00  -9.1208513e-03
   5.5000000e+01   3.5000000e+01   3.5000000e+01   3.5469977e-02
   5.5100000e+01  -2.0000000e+00  -2.0000000e+00  -2.0268558e-03
   5.5200000e+01   2.4000000e+01   2.4000000e+01   2.4322270e-02
   5.5300000e+01  -2.0000000e+00  -2.0000000e+00  -2.0268558e-03
   5.5400000e+01  -6.0000000e+00  -6.0000000e+00  -6.0805675e-03
   5.5500000e+01  -1.8000000e+01  -1.8000000e+01  -1.8241703e-02
   5.5600000e+01   8.0000000e+00   8.0000000e+00   8.1074234e-03
   5.5700000e+01   4.0000000e+00   4.0000000e+00   4.0537117e-03
   5.5800000e+01  -6.0000000e+00  -6.0000000e+00  -6.0805675e-03
   5.5900000e+01   1.3000000e+01   1.3000000e+01   1.3174563e-02
   5.6000000e+01   1.2000000e+01   1.2000000e+01   1.2161135e-02
   5.6100000e+01  -2.0000000e+00  -2.0000000e+00  -2.0268558e-03
   5.6200000e+01   1.2000000e+01   1.2000000e+01   1.2161135e-02
   5.6300000e+01   1.5000000e+01   1.5000000e+01   1.5201419e-02
   5.6400000e+01  -1.4000000e+01  -1.4000000e+01  -1.4187991e-02
   5.6500000e+01   2.5000000e+01   2.5000000e+01   2.5335698e-02
   5.6600000e+01   0.0000000e+00   0.0000000e+00   0.0000000e+00
   5.6700000e+01  -2.0000000e+00  -2.0000000e+00  -2.0268558e-03
   5.6800000e+01  -5.0000000e+00  -5.0000000e+00  -5.0671396e-03
   5.6900000e+01  -2.0000000e+00  -2.0000000e+00  -2.0268558e-03
   5.7000000e+01  -8.0000000e+00  -8.0000000e+00  -8.1074234e-03
   5.7100000e+01  -1.5000000e+01  -1.5000000e+01  -1.5201419e-02
   5.7200000e+01   1.0000000e+01   1.0000000e+01   1.0134279e-02
   5.7300000e+01  -1.5000000e+01  -1.5000000e+01  -1.5201419e-02
   5.7400000e+01  -8.0000000e+00  -8.0000000e+00  -8.1074234e-03
   5.7500000e+01  -1.2000000e+01  -1.2000000e+01  -1.2161135e-02
   5.7600000e+01   2.0000000e+00   2.0000000e+00   2.0268558e-03
   5.7700000e+01   5.0000000e+00   5.0000000e+00   5.0671396e-03
   5.7800000e+01  -3.0000000e+01  -3.0000000e+01  -3.0402838e-02
   5.7900000e+01  -3.9000000e+01  -3.9000000e+01  -3.9523689e-02
   5.8000000e+01   1.1000000e+01   1.1000000e+01   1.1147707e-02
   5.8100000e+01  -2.2000000e+01  -2.2000000e+01  -2.2295414e-02
   5.8200000e+01   1.1000000e+01   1.1000000e+01   1.1147707e-02
   5.8300000e+01   1.5000000e+01   1.5000000e+01   1.5201419e-02
   5.8400000e+01   1.0000000e+00   1.0000000e+00   1.0134279e-03
   5.8500000e+01  -5.0000000e+00  -5.0000000e+00  -5.0671396e-03
   5.8600000e+01   1.6000000e+01   1.6000000e+01   1.6214847e-02
   5.8700000e+01  -1.4000000e+01  -1.4000000e+01  -1.4187991e-02
   5.8800000e+01   2.2000000e+01   2.2000000e+01   2.2295414e-02
   5.8900000e+01  -6.0000000e+00  -6.0000000e+00  -6.0805675e-03
   5.9000000e+01   6.0000000e+00   6.0000000e+00   6.0805675e-03
   5.9100000e+01  -5.0000000e+00  -5.0000000e+00  -5.0671396e-03
   5.9200000e+01   1.0000000e+00   1.0000000e+00   1.0134279e-03
   5.9300000e+01  -2.6000000e+01  -2.6000000e+01  -2.6349126e-02
   5.9400000e+01  -2.0000000e+01  -2.0000000e+01  -2.0268558e-02
   5.9500000e+01   2.8000000e+01   2.8000000e+01   2.8375982e-02
   5.9600000e+01  -1.4000000e+01  -1.4000000e+01  -1.4187991e-02
   5.9700000e+01  -9.0000000e+00  -9.0000000e+00  -9.1208513e-03
   5.9800000e+01   6.0000000e+00   6.0000000e+00   6.0805675e-03
   5.9900000e+01  -7.0000000e+00  -7.0000000e+00  -7.0939954e-03
   6.0000000e+01   1.0000000e+00   1.0000000e+00   1.0134279e-03
   6.0100000e+01   1.2000000e+01   1.2000000e+01   1.2161135e-02
   6.0200000e+01   7.0000000e+00   7.0000000e+00   7.0939954e-03
   6.0300000e+01  -2.0000000e+00  -2.0000000e+00  -2.0268558e-03
   6.0400000e+01   2.9000000e+01   2.9000000e+01   2.9389410e-02
   6.0500000e+01   1.1000000e+01   1.1000000e+01   1.1147707e-02
   6.0600000e+01   2.9000000e+01   2.9000000e+01   2.9389410e-02
   6.0700000e+01   0.0000000e+00   0.0000000e+00   0.0000000e+00
   6.0800000e+01  -1.7000000e+01  -1.7000000e+01  -1.7228275e-02
   6.0900000e+01  -1.5000000e+01  -1.5000000e+01  -1.5201419e-02
   6.1000000e+01   1.0000000e+00   1.0000000e+00   1.0134279e-03
   6.1100000e+01   1.5000000e+01   1.5000000e+01   1.5201419e-02
   6.1200000e+01  -2.0000000e+00  -2.0000000e+00  -2.0268558e-03
   6.1300000e+01   1.3000000e+01   1.3000000e+01   1.3174563e-02
   6.1400000e+01   5.0000000e+00   5.0000000e+00   5.0671396e-03
   6.1500000e+01  -6.0000000e+00  -6.0000000e+00  -6.0805675e-03
   6.1600000e+01   9.0000000e+00   9.0000000e+00   9.1208513e-03
   6.1700000e+01  -1.4000000e+01  -1.4000000e+01  -1.4187991e-02
   6.1800000e+01  -1.1000000e+01  -1.1000000e+01  -1.1147707e-02
   6.1900000e+01  -1.3000000e+01  -1.3000000e+01  -1.3174563e-02
   6.2000000e+01   6.0000000e+00   6.0000000e+00   6.0805675e-03
   6.2100000e+01  -1.0000000e+00  -1.0000000e+00  -1.0134279e-03
   6.2200000e+01   1.4000000e+01   1.4000000e+01   1.4187991e-02
   6.2300000e+01  -2.4000000e+01  -2.4000000e+01  -2.4322270e-02
   6.2400000e+01   0.0000000e+00   0.0000000e+00   0.0000000e+00
   6.2500000e+01   2.0000000e+00   2.0000000e+00   2.0268558e-03
   6.2600000e+01  -7.0000000e+00  -7.0000000e+00  -7.0939954e-03
   6.2700000e+01  -8.0000000e+00  -8.0000000e+00  -8.1074234e-03
   6.2800000e+01  -1.5000000e+01  -1.5000000e+01  -1.5201419e-02
   6.2900000e+01   2.7000000e+01   2.7000000e+01   2.7362554e-02
   6.3000000e+01   2.0000000e+00   2.0000000e+00   2.0268558e-03
   6.3100000e+01  -6.0000000e+00  -6.0000000e+00  -6.0805675e-03
   6.3200000e+01   4.0000000e+00   4.0000000e+00   4.0537117e-03
   6.3300000e+01   1.9000000e+01   1.9000000e+01   1.9255130e-02
   6.3400000e+01  -1.0000000e+01  -1.0000000e+01  -1.0134279e-02
   6.3500000e+01   1.0000000e+00   1.0000000e+00   1.0134279e-03
   6.3600000e+01  -1.0000000e+00  -1.0000000e+00  -1.0134279e-03
   6.3700000e+01  -1.7000000e+01  -1.7000000e+01  -1.7228275e-02
   6.3800000e+01  -6.0000000e+00  -6.0000000e+00  -6.0805675e-03
   6.3900000e+01  -9.0000000e+00  -9.0000000e+00  -9.1208513e-03
   6.4000000e+01  -5.0000000e+00  -5.0000000e+00  -5.0671396e-03
   6.4100000e+01   5.0000000e+00   5.0000000e+00   5.0671396e-03
   6.4200000e+01  -2.5000000e+01  -2.5000000e+01  -2.5335698e-02
   6.4300000e+01   1.3000000e+01   1.3000000e+01   1.3174563e-02
   6.4400000e+01   5.0000000e+00   5.0000000e+00   5.0671396e-03
   6.4500000e+01  -2.1000000e+01  -2.1000000e+01  -2.1281986e-02
   6.4600000e+01   6.0000000e+00   6.0000000e+00   6.0805675e-03
   6.4700000e+01  -1.1000000e+01  -1.1000000e+01  -1.1147707e-02
   6.4800000e+01   1.6000000e+01   1.6000000e+01   1.6214847e-02
   6.4900000e+01   4.0000000e+00   4.0000000e+00   4.0537117e-03
   6.5000000e+01  -1.2000000e+01  -1.2000000e+01  -1.2161135e-02
   6.5100000e+01  -6.0000000e+00  -6.0000000e+00  -6.0805675e-03
   6.5200000e+01   2.0000000e+00   2.0000000e+00   2.0268558e-03
   6.5300000e+01  -1.6000000e+01  -1.6000000e+01  -1.6214847e-02
   6.5400000e+01  -1.2000000e+01  -1.2000000e+01  -1.2161135e-02
   6.5500000e+01   2.0000000e+01   2.0000000e+01   2.0268558e-02
   6.5600000e+01   8.0000000e+00   8.0000000e+00   8.1074234e-03
   6.5700000e+01   1.0000000e+00   1.0000000e+00   1.0134279e-03
   6.5800000e+01  -3.0000000e+00  -3.0000000e+00  -3.0402838e-03
   6.5900000e+01   1.9000000e+01   1.9000000e+01   1.9255130e-02
   6.6000000e+01  -1.4000000e+01  -1.4000000e+01  -1.4187991e-02
   6.6100000e+01  -4.0000000e+00  -4.0000000e+00  -4.0537117e-03
   6.6200000e+01   2.2000000e+01   2.2000000e+01   2.2295414e-02
   6.6300000e+01   3.4000000e+01   3.4000000e+01   3.4456549e-02
   6.6400000e+01  -2.0000000e+00  -2.0000000e+00  -2.0268558e-03
   6.6500000e+01   1.4000000e+01   1.4000000e+01   1.4187991e-02
   6.6600000e+01   1.4000000e+01   1.4000000e+01   1.4187991e-02
   6.6700000e+01  -1.5000000e+01  -1.5000000e+01  -1.5201419e-02
   6.6800000e+01  -1.8000000e+01  -1.8000000e+01  -1.8241703e-02
   6.6900000e+01   2.5000000e+01   2.5000000e+01   2.5335698e-02
   6.7000000e+01   7.0000000e+00   7.0000000e+00   7.0939954e-03
   6.7100000e+01   1.0000000e+00   1.0000000e+00   1.0134279e-03
   6.7200000e+01   1.1000000e+01   1.1000000e+01   1.1147707e-02
   6.7300000e+01  -1.0000000e+00  -1.0000000e+00  -1.0134279e-03
   6.7400000e+01  -7.0000000e+00  -7.0000000e+00  -7.0939954e-03
   6.7500000e+01   1.9000000e+01   1.9000000e+01   1.9255130e-02
   6.7600000e+01   3.0000000e+00   3.0000000e+00   3.0402838e-03
   6.7700000e+01   1.0000000e+00   1.0000000e+00   1.0134279e-03
   6.7800000e+01  -1.0000000e+01  -1.0000000e+01  -1.0134279e-02
   6.7900000e+01   9.0000000e+00   9.0000000e+00   9.1208513e-03
   6.8000000e+01   3.1000000e+01   3.1000000e+01   3.1416266e-02
   6.8100000e+01   3.0000000e+00   3.0000000e+00   3.0402838e-03
   6.8200000e+01   6.0000000e+00   6.0000000e+00   6.0805675e-03
   6.8300000e+01  -2.0000000e+00  -2.0000000e+00  -2.0268558e-03
   6.8400000e+01   3.0000000e+00   3.0000000e+00   3.0402838e-03
   6.8500000e+01  -2.3000000e+01  -2.3000000e+01  -2.3308842e-02
   6.8600000e+01  -7.0000000e+00  -7.0000000e+00  -7.0939954e-03
   6.8700000e+01   2.4000000e+01   2.4000000e+01   2.4322270e-02
   6.8800000e+01   4.0000000e+00   4.0000000e+00   4.0537117e-03
   6.8900000e+01   7.0000000e+00   7.0000000e+00   7.0939954e-03
   6.9000000e+01  -1.2000000e+01  -1.2000000e+01  -1.2161135e-02
   6.9100000e+01   6.0000000e+00   6.0000000e+00   6.0805675e-03
   6.9200000e+01  -2.7000000e+01  -2.7000000e+01  -2.7362554e-02
   6.9300000e+01  -2.5000000e+01  -2.5000000e+01  -2.5335698e-02
   6.9400000e+01   7.0000000e+00   7.0000000e+00   7.0939954e-03
   6.9500000e+01   1.0000000e+01   1.0000000e+01   1.0134279e-02
   6.9600000e+01   2.6000000e+01   2.6000000e+01   2.6349126e-02
   6.9700000e+01  -1.3000000e+01  -1.3000000e+01  -1.3174563e-02
   6.9800000e+01  -1.5000000e+01  -1.5000000e+01  -1.5201419e-02
   6.9900000e+01   0.0000000e+00   0.0000000e+00   0.0000000e+00
   7.0000000e+01  -4.5000000e+01  -4.5000000e+01  -4.5604256e-02
   7.0100000e+01   1.9000000e+01   1.9000000e+01   1.9255130e-02
   7.0200000e+01   1.0000000e+00   1.0000000e+00   1.0134279e-03
   7.0300000e+01  -1.5000000e+01  -1.5000000e+01  -1.5201419e-02
   7.0400000e+01  -4.0000000e+00  -4.0000000e+00  -4.0537117e-03
   7.0500000e+01   2.0000000e+01   2.0000000e+01   2.0268558e-02
   7.0600000e+01   2.8000000e+01   2.8000000e+01   2.8375982e-02
   7.0700000e+01   2.0000000e+00   2.0000000e+00   2.0268558e-03
   7.0800000e+01  -2.1000000e+01  -2.1000000e+01  -2.1281986e-02
   7.0900000e+01   5.0000000e+00   5.0000000e+00   5.0671396e-03
   7.1000000e+01  -8.0000000e+00  -8.0000000e+00  -8.1074234e-03
   7.1100000e+01   5.0000000e+00   5.0000000e+00   5.0671396e-03
   7.1200000e+01   5.0000000e+00   5.0000000e+00   5.0671396e-03
   7.1300000e+01   2.3000000e+01   2.3000000e+01   2.3308842e-02
   7.1400000e+01   0.0000000e+00   0.0000000e+00   0.0000000e+00
   7.1500000e+01   1.2000000e+01   1.2000000e+01   1.2161135e-02
   7.1600000e+01  -2.0000000e+01  -2.0000000e+01  -2.0268558e-02
   7.1700000e+01  -2.6000000e+01  -2.6000000e+01  -2.6349126e-02
   7.1800000e+01   2.0000000e+00   2.0000000e+00   2.0268558e-03
   7.1900000e+01   1.5000000e+01   1.5000000e+01   1.5201419e-02
   7.2000000e+01   6.0000000e+00   6.0000000e+00   6.0805675e-03
   7.2100000e+01  -8.0000000e+00  -8.0000000e+00  -8.1074234e-03
   7.2200000e+01   1.8000000e+01   1.8000000e+01   1.8241703e-02
   7.2300000e+01  -2.0000000e+00  -2.0000000e+00  -2.0268558e-03
   7.2400000e+01   1.5000000e+01   1.5000000e+01   1.5201419e-02
   7.2500000e+01  -2.0000000e+00  -2.0000000e+00  -2.0268558e-03
   7.2600000e+01   2.0000000e+01   2.0000000e+01   2.0268558e-02
   7.2700000e+01   1.0000000e+01   1.0000000e+01   1.0134279e-02
   7.2800000e+01   1.1000000e+01   1.1000000e+01   1.1147707e-02
   7.2900000e+01   1.6000000e+01   1.6000000e+01   1.6214847e-02
   7.3000000e+01  -2.4000000e+01  -2.4000000e+01  -2.4322270e-02
   7.3100000e+01  -8.0000000e+00  -8.0000000e+00  -8.1074234e-03
   7.3200000e+01  -5.0000000e+00  -5.0000000e+00  -5.0671396e-03
   7.3300000e+01   7.0000000e+00   7.0000000e+00   7.0939954e-03
   7.3400000e+01   2.7000000e+01   2.7000000e+01   2.7362554e-02
   7.3500000e+01   3.2000000e+01   3.2000000e+01   3.2429693e-02
   7.3600000e+01   5.0000000e+00   5.0000000e+00   5.0671396e-03
   7.3700000e+01  -2.0000000e+01  -2.0000000e+01  -2.0268558e-02
   7.3800000e+01  -1.4000000e+01  -1.4000000e+01  -1.4187991e-02
   7.3900000e+01   4.0000000e+00   4.0000000e+00   4.0537117e-03
   7.4000000e+01  -4.0000000e+00  -4.0000000e+00  -4.0537117e-03
   7.4100000e+01  -9.0000000e+00  -9.0000000e+00  -9.1208513e-03
   7.4200000e+01  -2.6000000e+01  -2.6000000e+01  -2.6349126e-02
   7.4300000e+01   2.0000000e+01   2.0000000e+01   2.0268558e-02
   7.4400000e+01   2.4000000e+01   2.4000000e+01   2.4322270e-02
   7.4500000e+01  -1.0000000e+00  -1.0000000e+00  -1.0134279e-03
   7.4600000e+01  -7.0000000e+00  -7.0000000e+00  -7.0939954e-03
   7.4700000e+01   4.0000000e+00   4.0000000e+00   4.0537117e-03
   7.4800000e+01   6.0000000e+00   6.0000000e+00   6.0805675e-03
   7.4900000e+01  -7.0000000e+00  -7.0000000e+00  -7.0939954e-03
   7.5000000e+01   1.6000000e+01   1.6000000e+01   1.6214847e-02
   7.5100000e+01   3.8000000e+01   3.8000000e+01   3.8510261e-02
   7.5200000e+01   1.7000000e+01   1.7000000e+01   1.7228275e-02
   7.5300000e+01   9.0000000e+00   9.0000000e+00   9.1208513e-03
   7.5400000e+01  -1.5000000e+01  -1.5000000e+01  -1.5201419e-02
   7.5500000e+01   8.0000000e+00   8.0000000e+00   8.1074234e-03
   7.5600000e+01   1.0000000e+01   1.0000000e+01   1.0134279e-02
   7.5700000e+01   1.5000000e+01   1.5000000e+01   1.5201419e-02
   7.5800000e+01   2.1000000e+01   2.1000000e+01   2.1281986e-02
   7.5900000e+01  -2.0000000e+00  -2.0000000e+00  -2.0268558e-03
   7.6000000e+01  -3.0000000e+00  -3.0000000e+00  -3.0402838e-03
   7.6100000e+01  -2.1000000e+01  -2.1000000e+01  -2.1281986e-02
   7.6200000e+01   3.0000000e+01   3.0000000e+01   3.0402838e-02
   7.6300000e+01  -2.6000000e+01  -2.6000000e+01  -2.6349126e-02
   7.6400000e+01  -2.0000000e+00  -2.0000000e+00  -2.0268558e-03
   7.6500000e+01  -4.0000000e+00  -4.0000000e+00  -4.0537117e-03
   7.6600000e+01  -1.1000000e+01  -1.1000000e+01  -1.1147707e-02
   7.6700000e+01  -1.2000000e+01  -1.2000000e+01  -1.2161135e-02
   7.6800000e+01   1.0000000e+00   1.0000000e+00   1.0134279e-03
   7.6900000e+01  -1.9000000e+01  -1.9000000e+01  -1.9255130e-02
   7.7000000e+01   1.6000000e+01   1.6000000e+01   1.6214847e-02
   7.7100000e+01   1.2000000e+01   1.2000000e+01   1.2161135e-02
   7.7200000e+01   8.0000000e+00   8.0000000e+00   8.1074234e-03
   7.7300000e+01   8.0000000e+00   8.0000000e+00   8.1074234e-03
   7.7400000e+01   3.0000000e+00   3.0000000e+00   3.0402838e-03
   7.7500000e+01  -2.0000000e+01  -2.0000000e+01  -2.0268558e-02
   7.7600000e+01   1.3000000e+01   1.3000000e+01   1.3174563e-02
   7.7700000e+01   1.1000000e+01   1.1000000e+01   1.1147707e-02
   7.7800000e+01   8.0000000e+00   8.0000000e+00   8.1074234e-03
   7.7900000e+01   6.0000000e+00   6.0000000e+00   6.0805675e-03
   7.8000000e+01  -9.0000000e+00  -9.0000000e+00  -9.1208513e-03
   7.8100000e+01   7.0000000e+00   7.0000000e+00   7.0939954e-03
