   0.0000000e+00   6.6500000e+02   6.6500000e+02   9.0476190e-01
   1.0000000e-01   7.2800000e+02   7.2800000e+02   9.9047619e-01
   2.0000000e-01   7.7500000e+02   7.7500000e+02   1.0544218e+00
   3.0000000e-01   7.5800000e+02   7.5800000e+02   1.0312925e+00
   4.0000000e-01   6.7900000e+02   6.7900000e+02   9.2380952e-01
   5.0000000e-01   7.5700000e+02   7.5700000e+02   1.0299320e+00
   6.0000000e-01   7.7400000e+02   7.7400000e+02   1.0530612e+00
   7.0000000e-01   8.2500000e+02   8.2500000e+02   1.1224490e+00
   8.0000000e-01   7.8400000e+02   7.8400000e+02   1.0666667e+00
   9.0000000e-01   8.1900000e+02   8.1900000e+02   1.1142857e+00
   1.0000000e+00   7.2900000e+02   7.2900000e+02   9.9183673e-01
   1.1000000e+00   7.7300000e+02   7.7300000e+02   1.0517007e+00
   1.2000000e+00   8.1700000e+02   8.1700000e+02   1.1115646e+00
   1.3000000e+00   7.9100000e+02   7.9100000e+02   1.0761905e+00
   1.4000000e+00   7.4900000e+02   7.4900000e+02   1.0190476e+00
   1.5000000e+00   7.3000000e+02   7.3000000e+02   9.9319728e-01
   1.6000000e+00   7.2800000e+02   7.2800000e+02   9.9047619e-01
   1.7000000e+00   7.7100000e+02   7.7100000e+02   1.0489796e+00
   1.8000000e+00   7.9500000e+02   7.9500000e+02   1.0816327e+00
   1.9000000e+00   7.8600000e+02   7.8600000e+02   1.0693878e+00
   2.0000000e+00   7.8200000e+02   7.8200000e+02   1.0639456e+00
   2.1000000e+00   7.6300000e+02   7.6300000e+02   1.0380952e+00
   2.2000000e+00   7.4700000e+02   7.4700000e+02   1.0163265e+00
   2.3000000e+00   8.0200000e+02   8.0200000e+02   1.0911565e+00
   2.4000000e+00   7.1000000e+02   7.1000000e+02   9.6598639e-01
   2.5000000e+00   7.0100000e+02   7.0100000e+02   9.5374150e-01
   2.6000000e+00   7.5600000e+02   7.5600000e+02   1.0285714e+00
   2.7000000e+00   6.7200000e+02   6.7200000e+02   9.1428571e-01
   2.8000000e+00   5.4600000e+02   5.4600000e+02   7.4285714e-01
   2.9000000e+00   5.5700000e+02   5.5700000e+02   7.5782313e-01
   3.0000000e+00   5.3600000e+02   5.3600000e+02   7.2925170e-01
   3.1000000e+00   5.8200000e+02   5.8200000e+02   7.9183673e-01
   3.2000000e+00   5.1700000e+02   5.1700000e+02   7.0340136e-01
   3.3000000e+00   5.7600000e+02   5.7600000e+02   7.8367347e-01
   3.4000000e+00   6.1800000e+02   6.1800000e+02   8.4081633e-01
   3.5000000e+00   6.1300000e+02   6.1300000e+02   8.3401361e-01
   3.6000000e+00   5.7100000e+02   5.7100000e+02   7.7687075e-01
   3.7000000e+00   6.0600000e+02   6.0600000e+02   8.2448980e-01
   3.8000000e+00   5.6400000e+02   5.6400000e+02   7.6734694e-01
   3.9000000e+00   6.5400000e+02   6.5400000e+02   8.8979592e-01
   4.0000000e+00   5.8100000e+02   5.8100000e+02   7.9047619e-01
   4.1000000e+00   5.8500000e+02   5.8500000e+02   7.9591837e-01
   4.2000000e+00   5.5600000e+02   5.5600000e+02   7.5646259e-01
   4.3000000e+00   5.5200000e+02   5.5200000e+02   7.5102041e-01
   4.4000000e+00   5.3300000e+02   5.3300000e+02   7.2517007e-01
   4.5000000e+00   6.0300000e+02   6.0300000e+02   8.2040816e-01
   4.6000000e+00   5.8700000e+02   5.8700000e+02   7.9863946e-01
   4.7000000e+00   5.8500000e+02   5.8500000e+02   7.9591837e-01
   4.8000000e+00   6.1500000e+02   6.1500000e+02   8.3673469e-01
   4.9000000e+00   5.1700000e+02   5.1700000e+02   7.0340136e-01
   5.0000000e+00   4.8600000e+02   4.8600000e+02   6.6122449e-01
   5.1000000e+00   6.0000000e+02   6.0000000e+02   8.1632653e-01
   5.2000000e+00   5.7200000e+02   5.7200000e+02   7.7823129e-01
   5.3000000e+00   5.4700000e+02   5.4700000e+02   7.4421769e-01
   5.4000000e+00   5.9500000e+02   5.9500000e+02   8.0952381e-01
   5.5000000e+00   5.7200000e+02   5.7200000e+02   7.7823129e-01
   5.6000000e+00   5.1800000e+02   5.1800000e+02   7.0476190e-01
   5.7000000e+00   5.6000000e+02   5.6000000e+02   7.6190476e-01
   5.8000000e+00   5.3900000e+02   5.3900000e+02   7.3333333e-01
   5.9000000e+00   5.6500000e+02   5.6500000e+02   7.6870748e-01
   6.0000000e+00   5.9200000e+02   5.9200000e+02   8.0544218e-01
   6.1000000e+00   6.1800000e+02   6.1800000e+02   8.4081633e-01
   6.2000000e+00   5.7700000e+02   5.7700000e+02   7.8503401e-01
   6.3000000e+00   6.2100000e+02   6.2100000e+02   8.4489796e-01
   6.4000000e+00   6.1100000e+02   6.1100000e+02   8.3129252e-01
   6.5000000e+00   6.0000000e+02   6.0000000e+02   8.1632653e-01
   6.6000000e+00   5.6000000e+02   5.6000000e+02   7.6190476e-01
   6.7000000e+00   6.4400000e+02   6.4400000e+02   8.7619048e-01
   6.8000000e+00   5.5900000e+02   5.5900000e+02   7.6054422e-01
   6.9000000e+00   5.6100000e+02   5.6100000e+02   7.6326531e-01
   7.0000000e+00   5.8400000e+02   5.8400000e+02   7.9455782e-01
   7.1000000e+00   6.1600000e+02   6.1600000e+02   8.3809524e-01
   7.2000000e+00   6.0700000e+02   6.0700000e+02   8.2585034e-01
   7.3000000e+00   5.9000000e+02   5.9000000e+02   8.0272109e-01
   7.4000000e+00   5.8300000e+02   5.8300000e+02   7.9319728e-01
   7.5000000e+00   5.7400000e+02   5.7400000e+02   7.8095238e-01
   7.6000000e+00   6.0700000e+02   6.0700000e+02   8.2585034e-01
   7.7000000e+00   5.5800000e+02   5.5800000e+02   7.5918367e-01
   7.8000000e+00   5.5800000e+02   5.5800000e+02   7.5918367e-01
   7.9000000e+00   3.6000000e+02   3.6000000e+02   4.8979592e-01
   8.0000000e+00   3.9900000e+02   3.9900000e+02   5.4285714e-01
   8.1000000e+00   3.8900000e+02   3.8900000e+02   5.2925170e-01
   8.2000000e+00   3.4900000e+02   3.4900000e+02   4.7482993e-01
   8.3000000e+00   3.4000000e+02   3.4000000e+02   4.6258503e-01
   8.4000000e+00   3.6500000e+02   3.6500000e+02   4.9659864e-01
   8.5000000e+00   3.9100000e+02   3.9100000e+02   5.3197279e-01
   8.6000000e+00   3.4000000e+02   3.4000000e+02   4.6258503e-01
   8.7000000e+00   3.9400000e+02   3.9400000e+02   5.3605442e-01
   8.8000000e+00   3.8000000e+02   3.8000000e+02   5.1700680e-01
   8.9000000e+00   4.0100000e+02   4.0100000e+02   5.4557823e-01
   9.0000000e+00   3.5400000e+02   3.5400000e+02   4.8163265e-01
   9.1000000e+00   3.7000000e+02   3.7000000e+02   5.0340136e-01
   9.2000000e+00   3.8100000e+02   3.8100000e+02   5.1836735e-01
   9.3000000e+00   3.9200000e+02   3.9200000e+02   5.3333333e-01
   9.4000000e+00   3.8600000e+02   3.8600000e+02   5.2517007e-01
   9.5000000e+00   3.8700000e+02   3.8700000e+02   5.2653061e-01
   9.6000000e+00   3.3800000e+02   3.3800000e+02   4.5986395e-01
   9.7000000e+00   3.8700000e+02   3.8700000e+02   5.2653061e-01
   9.8000000e+00   3.8700000e+02   3.8700000e+02   5.2653061e-01
   9.9000000e+00   3.8700000e+02   3.8700000e+02   5.2653061e-01
   1.0000000e+01   4.0700000e+02   4.0700000e+02   5.5374150e-01
   1.0100000e+01   3.3900000e+02   3.3900000e+02   4.6122449e-01
   1.0200000e+01   3.7200000e+02   3.7200000e+02   5.0612245e-01
   1.0300000e+01   3.3900000e+02   3.3900000e+02   4.6122449e-01
   1.0400000e+01   3.7200000e+02   3.7200000e+02   5.0612245e-01
   1.0500000e+01   3.8200000e+02   3.8200000e+02   5.1972789e-01
   1.0600000e+01   3.1500000e+02   3.1500000e+02   4.2857143e-01
   1.0700000e+01   3.5200000e+02   3.5200000e+02   4.7891156e-01
   1.0800000e+01   4.1000000e+02   4.1000000e+02   5.5782313e-01
   1.0900000e+01   3.6700000e+02   3.6700000e+02   4.9931973e-01
   1.1000000e+01   4.0800000e+02   4.0800000e+02   5.5510204e-01
   1.1100000e+01   3.7000000e+02   3.7000000e+02   5.0340136e-01
   1.1200000e+01   3.6900000e+02   3.6900000e+02   5.0204082e-01
   1.1300000e+01   3.6800000e+02   3.6800000e+02   5.0068027e-01
   1.1400000e+01   4.4300000e+02   4.4300000e+02   6.0272109e-01
   1.1500000e+01   4.1700000e+02   4.1700000e+02   5.6734694e-01
   1.1600000e+01   4.2500000e+02   4.2500000e+02   5.7823129e-01
   1.1700000e+01   3.0100000e+02   3.0100000e+02   4.0952381e-01
   1.1800000e+01   3.9500000e+02   3.9500000e+02   5.3741497e-01
   1.1900000e+01   3.7600000e+02   3.7600000e+02   5.1156463e-01
   1.2000000e+01   4.3600000e+02   4.3600000e+02   5.9319728e-01
   1.2100000e+01   3.8100000e+02   3.8100000e+02   5.1836735e-01
   1.2200000e+01   3.8000000e+02   3.8000000e+02   5.1700680e-01
   1.2300000e+01   4.1100000e+02   4.1100000e+02   5.5918367e-01
   1.2400000e+01   3.8100000e+02   3.8100000e+02   5.1836735e-01
   1.2500000e+01   3.6000000e+02   3.6000000e+02   4.8979592e-01
   1.2600000e+01   4.1100000e+02   4.1100000e+02   5.5918367e-01
   1.2700000e+01   3.7700000e+02   3.7700000e+02   5.1292517e-01
   1.2800000e+01   4.0600000e+02   4.0600000e+02   5.5238095e-01
   1.2900000e+01   3.7600000e+02   3.7600000e+02   5.1156463e-01
   1.3000000e+01   3.6800000e+02   3.6800000e+02   5.0068027e-01
   1.3100000e+01   3.6900000e+02   3.6900000e+02   5.0204082e-01
   1.3200000e+01   4.1300000e+02   4.1300000e+02   5.6190476e-01
   1.3300000e+01   3.8700000e+02   3.8700000e+02   5.2653061e-01
   1.3400000e+01   3.2300000e+02   3.2300000e+02   4.3945578e-01
   1.3500000e+01   4.0400000e+02   4.0400000e+02   5.4965986e-01
   1.3600000e+01   4.0200000e+02   4.0200000e+02   5.4693878e-01
   1.3700000e+01   3.5100000e+02   3.5100000e+02   4.7755102e-01
   1.3800000e+01   3.8800000e+02   3.8800000e+02   5.2789116e-01
   1.3900000e+01   3.6100000e+02   3.6100000e+02   4.9115646e-01
   1.4000000e+01   3.9000000e+02   3.9000000e+02   5.3061224e-01
   1.4100000e+01   3.2900000e+02   3.2900000e+02   4.4761905e-01
   1.4200000e+01   3.3800000e+02   3.3800000e+02   4.5986395e-01
   1.4300000e+01   4.2300000e+02   4.2300000e+02   5.7551020e-01
   1.4400000e+01   3.8900000e+02   3.8900000e+02   5.2925170e-01
   1.4500000e+01   3.1100000e+02   3.1100000e+02   4.2312925e-01
   1.4600000e+01   1.7400000e+02   1.7400000e+02   2.3673469e-01
   1.4700000e+01   1.9300000e+02   1.9300000e+02   2.6258503e-01
   1.4800000e+01   1.7900000e+02   1.7900000e+02   2.4353741e-01
   1.4900000e+01   2.3600000e+02   2.3600000e+02   3.2108844e-01
   1.5000000e+01   1.4800000e+02   1.4800000e+02   2.0136054e-01
   1.5100000e+01   1.8800000e+02   1.8800000e+02   2.5578231e-01
   1.5200000e+01   1.4800000e+02   1.4800000e+02   2.0136054e-01
   1.5300000e+01   2.3100000e+02   2.3100000e+02   3.1428571e-01
   1.5400000e+01   2.0700000e+02   2.0700000e+02   2.8163265e-01
   1.5500000e+01   1.8000000e+02   1.8000000e+02   2.4489796e-01
   1.5600000e+01   1.4700000e+02   1.4700000e+02   2.0000000e-01
   1.5700000e+01   2.1200000e+02   2.1200000e+02   2.8843537e-01
   1.5800000e+01   1.9500000e+02   1.9500000e+02   2.6530612e-01
   1.5900000e+01   1.9800000e+02   1.9800000e+02   2.6938776e-01
   1.6000000e+01   1.9100000e+02   1.9100000e+02   2.5986395e-01
   1.6100000e+01   1.7200000e+02   1.7200000e+02   2.3401361e-01
   1.6200000e+01   1.6100000e+02   1.6100000e+02   2.1904762e-01
   1.6300000e+01   2.3300000e+02   2.3300000e+02   3.1700680e-01
   1.6400000e+01   1.7700000e+02   1.7700000e+02   2.4081633e-01
   1.6500000e+01   2.2000000e+02   2.2000000e+02   2.9931973e-01
   1.6600000e+01   1.9500000e+02   1.9500000e+02   2.6530612e-01
   1.6700000e+01   1.9000000e+02   1.9000000e+02   2.5850340e-01
   1.6800000e+01   1.6300000e+02   1.6300000e+02   2.2176871e-01
   1.6900000e+01   1.6300000e+02   1.6300000e+02   2.2176871e-01
   1.7000000e+01   2.1300000e+02   2.1300000e+02   2.8979592e-01
   1.7100000e+01   1.9800000e+02   1.9800000e+02   2.6938776e-01
   1.7200000e+01   2.1200000e+02   2.1200000e+02   2.8843537e-01
   1.7300000e+01   2.0500000e+02   2.0500000e+02   2.7891156e-01
   1.7400000e+01   1.6500000e+02   1.6500000e+02   2.2448980e-01
   1.7500000e+01   2.2800000e+02   2.2800000e+02   3.1020408e-01
   1.7600000e+01   2.1200000e+02   2.1200000e+02   2.8843537e-01
   1.7700000e+01   1.9600000e+02   1.9600000e+02   2.6666667e-01
   1.7800000e+01   1.8200000e+02   1.8200000e+02   2.4761905e-01
   1.7900000e+01   1.9000000e+02   1.9000000e+02   2.5850340e-01
   1.8000000e+01   2.0100000e+02   2.0100000e+02   2.7346939e-01
   1.8100000e+01   1.5900000e+02   1.5900000e+02   2.1632653e-01
   1.8200000e+01   1.8900000e+02   1.8900000e+02   2.5714286e-01
   1.8300000e+01   1.8100000e+02   1.8100000e+02   2.4625850e-01
   1.8400000e+01   1.9800000e+02   1.9800000e+02   2.6938776e-01
   1.8500000e+01   2.0600000e+02   2.0600000e+02   2.8027211e-01
   1.8600000e+01   1.8200000e+02   1.8200000e+02   2.4761905e-01
   1.8700000e+01   1.8400000e+02   1.8400000e+02   2.5034014e-01
   1.8800000e+01   1.8200000e+02   1.8200000e+02   2.4761905e-01
   1.8900000e+01   2.3500000e+02   2.3500000e+02   3.1972789e-01
   1.9000000e+01   2.0500000e+02   2.0500000e+02   2.7891156e-01
   1.9100000e+01   2.1500000e+02   2.1500000e+02   2.9251701e-01
   1.9200000e+01   1.7400000e+02   1.7400000e+02   2.3673469e-01
   1.9300000e+01   1.9100000e+02   1.9100000e+02   2.5986395e-01
   1.9400000e+01   2.1600000e+02   2.1600000e+02   2.9387755e-01
   1.9500000e+01   1.7900000e+02   1.7900000e+02   2.4353741e-01
   1.9600000e+01   1.8700000e+02   1.8700000e+02   2.5442177e-01
   1.9700000e+01   1.9400000e+02   1.9400000e+02   2.6394558e-01
   1.9800000e+01   2.1500000e+02   2.1500000e+02   2.9251701e-01
   1.9900000e+01   1.7600000e+02   1.7600000e+02   2.3945578e-01
   2.0000000e+01   1.8700000e+02   1.8700000e+02   2.5442177e-01
   2.0100000e+01   1.5200000e+02   1.5200000e+02   2.0680272e-01
   2.0200000e+01   1.7500000e+02   1.7500000e+02   2.3809524e-01
   2.0300000e+01   1.7300000e+02   1.7300000e+02   2.3537415e-01
   2.0400000e+01   1.9700000e+02   1.9700000e+02   2.6802721e-01
   2.0500000e+01   2.1600000e+02   2.1600000e+02   2.9387755e-01
   2.0600000e+01   1.7700000e+02   1.7700000e+02   2.4081633e-01
   2.0700000e+01   2.2700000e+02   2.2700000e+02   3.0884354e-01
   2.0800000e+01   1.7500000e+02   1.7500000e+02   2.3809524e-01
   2.0900000e+01   2.2100000e+02   2.2100000e+02   3.0068027e-01
   2.1000000e+01   2.1000000e+02   2.1000000e+02   2.8571429e-01
   2.1100000e+01   1.7400000e+02   1.7400000e+02   2.3673469e-01
   2.1200000e+01   1.6200000e+02   1.6200000e+02   2.2040816e-01
   2.1300000e+01   1.9800000e+02   1.9800000e+02   2.6938776e-01
   2.1400000e+01   2.2700000e+02   2.2700000e+02   3.0884354e-01
   2.1500000e+01   1.7200000e+02   1.7200000e+02   2.3401361e-01
   2.1600000e+01   2.1000000e+02   2.1000000e+02   2.8571429e-01
   2.1700000e+01   1.7600000e+02   1.7600000e+02   2.3945578e-01
   2.1800000e+01   1.7900000e+02   1.7900000e+02   2.4353741e-01
   2.1900000e+01   1.7500000e+02   1.7500000e+02   2.3809524e-01
   2.2000000e+01   1.6800000e+02   1.6800000e+02   2.2857143e-01
   2.2100000e+01   1.9800000e+02   1.9800000e+02   2.6938776e-01
   2.2200000e+01   2.1800000e+02   2.1800000e+02   2.9659864e-01
   2.2300000e+01   2.2400000e+02   2.2400000e+02   3.0476190e-01
   2.2400000e+01   2.0800000e+02   2.0800000e+02   2.8299320e-01
   2.2500000e+01   1.5500000e+02   1.5500000e+02   2.1088435e-01
   2.2600000e+01   2.2700000e+02   2.2700000e+02   3.0884354e-01
   2.2700000e+01   2.1500000e+02   2.1500000e+02   2.9251701e-01
   2.2800000e+01   2.0500000e+02   2.0500000e+02   2.7891156e-01
   2.2900000e+01   2.2300000e+02   2.2300000e+02   3.0340136e-01
   2.3000000e+01   1.6900000e+02   1.6900000e+02   2.2993197e-01
   2.3100000e+01   1.8600000e+02   1.8600000e+02   2.5306122e-01
   2.3200000e+01   1.4500000e+02   1.4500000e+02   1.9727891e-01
   2.3300000e+01   1.8000000e+02   1.8000000e+02   2.4489796e-01
   2.3400000e+01   2.0400000e+02   2.0400000e+02   2.7755102e-01
   2.3500000e+01   1.4200000e+02   1.4200000e+02   1.9319728e-01
   2.3600000e+01   1.9700000e+02   1.9700000e+02   2.6802721e-01
   2.3700000e+01   1.9900000e+02   1.9900000e+02   2.7074830e-01
   2.3800000e+01   2.0000000e+02   2.0000000e+02   2.7210884e-01
   2.3900000e+01   2.1900000e+02   2.1900000e+02   2.9795918e-01
   2.4000000e+01   2.4400000e+02   2.4400000e+02   3.3197279e-01
   2.4100000e+01   2.3000000e+02   2.3000000e+02   3.1292517e-01
   2.4200000e+01   1.6700000e+02   1.6700000e+02   2.2721088e-01
   2.4300000e+01   2.4900000e+02   2.4900000e+02   3.3877551e-01
   2.4400000e+01   1.7900000e+02   1.7900000e+02   2.4353741e-01
   2.4500000e+01   2.0400000e+02   2.0400000e+02   2.7755102e-01
   2.4600000e+01   2.3000000e+02   2.3000000e+02   3.1292517e-01
   2.4700000e+01   2.3800000e+02   2.3800000e+02   3.2380952e-01
   2.4800000e+01   2.2400000e+02   2.2400000e+02   3.0476190e-01
   2.4900000e+01   1.9500000e+02   1.9500000e+02   2.6530612e-01
   2.5000000e+01   2.0400000e+02   2.0400000e+02   2.7755102e-01
   2.5100000e+01   1.9200000e+02   1.9200000e+02   2.6122449e-01
   2.5200000e+01   2.1300000e+02   2.1300000e+02   2.8979592e-01
   2.5300000e+01   1.7100000e+02   1.7100000e+02   2.3265306e-01
   2.5400000e+01   2.0700000e+02   2.0700000e+02   2.8163265e-01
   2.5500000e+01   2.1200000e+02   2.1200000e+02   2.8843537e-01
   2.5600000e+01   1.9400000e+02   1.9400000e+02   2.6394558e-01
   2.5700000e+01   2.1100000e+02   2.1100000e+02   2.8707483e-01
   2.5800000e+01   1.7900000e+02   1.7900000e+02   2.4353741e-01
   2.5900000e+01   2.0500000e+02   2.0500000e+02   2.7891156e-01
   2.6000000e+01   1.5800000e+02   1.5800000e+02   2.1496599e-01
   2.6100000e+01   1.6600000e+02   1.6600000e+02   2.2585034e-01
   2.6200000e+01   1.9300000e+02   1.9300000e+02   2.6258503e-01
   2.6300000e+01   1.8200000e+02   1.8200000e+02   2.4761905e-01
   2.6400000e+01   1.9500000e+02   1.9500000e+02   2.6530612e-01
   2.6500000e+01   2.1800000e+02   2.1800000e+02   2.9659864e-01
   2.6600000e+01   1.8500000e+02   1.8500000e+02   2.5170068e-01
   2.6700000e+01   2.0900000e+02   2.0900000e+02   2.8435374e-01
   2.6800000e+01   1.7800000e+02   1.7800000e+02   2.4217687e-01
   2.6900000e+01   1.8700000e+02   1.8700000e+02   2.5442177e-01
   2.7000000e+01   1.8500000e+02   1.8500000e+02   2.5170068e-01
   2.7100000e+01   1.8600000e+02   1.8600000e+02   2.5306122e-01
   2.7200000e+01   2.0300000e+02   2.0300000e+02   2.7619048e-01
   2.7300000e+01   2.0100000e+02   2.0100000e+02   2.7346939e-01
   2.7400000e+01   2.1100000e+02   2.1100000e+02   2.8707483e-01
   2.7500000e+01   2.1700000e+02   2.1700000e+02   2.9523810e-01
   2.7600000e+01   1.7400000e+02   1.7400000e+02   2.3673469e-01
   2.7700000e+01   1.9200000e+02   1.9200000e+02   2.6122449e-01
   2.7800000e+01   1.9500000e+02   1.9500000e+02   2.6530612e-01
   2.7900000e+01   1.9900000e+02   1.9900000e+02   2.7074830e-01
   2.8000000e+01   2.1200000e+02   2.1200000e+02   2.8843537e-01
   2.8100000e+01   2.2000000e+02   2.2000000e+02   2.9931973e-01
   2.8200000e+01   1.8000000e+02   1.8000000e+02   2.4489796e-01
   2.8300000e+01   2.0000000e+02   2.0000000e+02   2.7210884e-01
   2.8400000e+01   2.0100000e+02   2.0100000e+02   2.7346939e-01
   2.8500000e+01   1.5600000e+02   1.5600000e+02   2.1224490e-01
   2.8600000e+01   1.8700000e+02   1.8700000e+02   2.5442177e-01
   2.8700000e+01   2.2000000e+02   2.2000000e+02   2.9931973e-01
   2.8800000e+01   1.9500000e+02   1.9500000e+02   2.6530612e-01
   2.8900000e+01   2.3500000e+02   2.3500000e+02   3.1972789e-01
   2.9000000e+01   1.6800000e+02   1.6800000e+02   2.2857143e-01
   2.9100000e+01   2.1200000e+02   2.1200000e+02   2.8843537e-01
   2.9200000e+01   1.9100000e+02   1.9100000e+02   2.5986395e-01
   2.9300000e+01   2.1900000e+02   2.1900000e+02   2.9795918e-01
   2.9400000e+01   2.2400000e+02   2.2400000e+02   3.0476190e-01
   2.9500000e+01   1.6800000e+02   1.6800000e+02   2.2857143e-01
   2.9600000e+01   1.5500000e+02   1.5500000e+02   2.1088435e-01
   2.9700000e+01   1.7000000e+02   1.7000000e+02   2.3129252e-01
   2.9800000e+01   1.9000000e+02   1.9000000e+02   2.5850340e-01
   2.9900000e+01   2.1700000e+02   2.1700000e+02   2.9523810e-01
   3.0000000e+01   2.3200000e+02   2.3200000e+02   3.1564626e-01
   3.0100000e+01   2.4600000e+02   2.4600000e+02   3.3469388e-01
   3.0200000e+01   2.1200000e+02   2.1200000e+02   2.8843537e-01
   3.0300000e+01   2.3700000e+02   2.3700000e+02   3.2244898e-01
   3.0400000e+01   1.7900000e+02   1.7900000e+02   2.4353741e-01
   3.0500000e+01   2.0400000e+02   2.0400000e+02   2.7755102e-01
   3.0600000e+01   1.7300000e+02   1.7300000e+02   2.3537415e-01
   3.0700000e+01   1.7600000e+02   1.7600000e+02   2.3945578e-01
   3.0800000e+01   1.9000000e+02   1.9000000e+02   2.5850340e-01
   3.0900000e+01   1.8000000e+02   1.8000000e+02   2.4489796e-01
   3.1000000e+01   2.2200000e+02   2.2200000e+02   3.0204082e-01
   3.1100000e+01   1.9500000e+02   1.9500000e+02   2.6530612e-01
   3.1200000e+01   1.7400000e+02   1.7400000e+02   2.3673469e-01
   3.1300000e+01   1.8700000e+02   1.8700000e+02   2.5442177e-01
   3.1400000e+01   2.0600000e+02   2.0600000e+02   2.8027211e-01
   3.1500000e+01   1.7400000e+02   1.7400000e+02   2.3673469e-01
   3.1600000e+01   2.0900000e+02   2.0900000e+02   2.8435374e-01
   3.1700000e+01   2.2300000e+02   2.2300000e+02   3.0340136e-01
   3.1800000e+01   2.2100000e+02   2.2100000e+02   3.0068027e-01
   3.1900000e+01   1.7500000e+02   1.7500000e+02   2.3809524e-01
   3.2000000e+01   1.6200000e+02   1.6200000e+02   2.2040816e-01
   3.2100000e+01   1.8600000e+02   1.8600000e+02   2.5306122e-01
   3.2200000e+01   2.1400000e+02   2.1400000e+02   2.9115646e-01
   3.2300000e+01   1.8000000e+02   1.8000000e+02   2.4489796e-01
   3.2400000e+01   1.5700000e+02   1.5700000e+02   2.1360544e-01
   3.2500000e+01   1.7300000e+02   1.7300000e+02   2.3537415e-01
   3.2600000e+01   1.8600000e+02   1.8600000e+02   2.5306122e-01
   3.2700000e+01   2.3500000e+02   2.3500000e+02   3.1972789e-01
   3.2800000e+01   2.1100000e+02   2.1100000e+02   2.8707483e-01
   3.2900000e+01   1.9200000e+02   1.9200000e+02   2.6122449e-01
   3.3000000e+01   1.8100000e+02   1.8100000e+02   2.4625850e-01
   3.3100000e+01   2.0700000e+02   2.0700000e+02   2.8163265e-01
   3.3200000e+01   1.7900000e+02   1.7900000e+02   2.4353741e-01
   3.3300000e+01   1.9800000e+02   1.9800000e+02   2.6938776e-01
   3.3400000e+01   1.9600000e+02   1.9600000e+02   2.6666667e-01
   3.3500000e+01   2.3800000e+02   2.3800000e+02   3.2380952e-01
   3.3600000e+01   1.9500000e+02   1.9500000e+02   2.6530612e-01
   3.3700000e+01   2.1600000e+02   2.1600000e+02   2.9387755e-01
   3.3800000e+01   2.0600000e+02   2.0600000e+02   2.8027211e-01
   3.3900000e+01   1.7600000e+02   1.7600000e+02   2.3945578e-01
   3.4000000e+01   1.8300000e+02   1.8300000e+02   2.4897959e-01
   3.4100000e+01   1.9800000e+02   1.9800000e+02   2.6938776e-01
   3.4200000e+01   2.0600000e+02   2.0600000e+02   2.8027211e-01
   3.4300000e+01   1.8400000e+02   1.8400000e+02   2.5034014e-01
   3.4400000e+01   2.0100000e+02   2.0100000e+02   2.7346939e-01
   3.4500000e+01   2.3500000e+02   2.3500000e+02   3.1972789e-01
   3.4600000e+01   1.9600000e+02   1.9600000e+02   2.6666667e-01
   3.4700000e+01   1.9400000e+02   1.9400000e+02   2.6394558e-01
   3.4800000e+01   1.8700000e+02   1.8700000e+02   2.5442177e-01
   3.4900000e+01   1.7400000e+02   1.7400000e+02   2.3673469e-01
   3.5000000e+01   2.1000000e+02   2.1000000e+02   2.8571429e-01
   3.5100000e+01   1.2800000e+02   1.2800000e+02   1.7414966e-01
   3.5200000e+01   2.0700000e+02   2.0700000e+02   2.8163265e-01
   3.5300000e+01   1.8900000e+02   1.8900000e+02   2.5714286e-01
   3.5400000e+01   1.5700000e+02   1.5700000e+02   2.1360544e-01
   3.5500000e+01   1.9200000e+02   1.9200000e+02   2.6122449e-01
   3.5600000e+01   2.2200000e+02   2.2200000e+02   3.0204082e-01
   3.5700000e+01   1.7300000e+02   1.7300000e+02   2.3537415e-01
   3.5800000e+01   2.1000000e+02   2.1000000e+02   2.8571429e-01
   3.5900000e+01   1.8500000e+02   1.8500000e+02   2.5170068e-01
   3.6000000e+01   2.3800000e+02   2.3800000e+02   3.2380952e-01
   3.6100000e+01   2.2400000e+02   2.2400000e+02   3.0476190e-01
   3.6200000e+01   1.8300000e+02   1.8300000e+02   2.4897959e-01
   3.6300000e+01   2.0400000e+02   2.0400000e+02   2.7755102e-01
   3.6400000e+01   1.7900000e+02   1.7900000e+02   2.4353741e-01
   3.6500000e+01   1.5800000e+02   1.5800000e+02   2.1496599e-01
   3.6600000e+01   2.0300000e+02   2.0300000e+02   2.7619048e-01
   3.6700000e+01   1.7900000e+02   1.7900000e+02   2.4353741e-01
   3.6800000e+01   1.9000000e+02   1.9000000e+02   2.5850340e-01
   3.6900000e+01   1.6500000e+02   1.6500000e+02   2.2448980e-01
   3.7000000e+01   1.5600000e+02   1.5600000e+02   2.1224490e-01
   3.7100000e+01   1.9700000e+02   1.9700000e+02   2.6802721e-01
   3.7200000e+01   1.9800000e+02   1.9800000e+02   2.6938776e-01
   3.7300000e+01   1.6300000e+02   1.6300000e+02   2.2176871e-01
   3.7400000e+01   1.4000000e+02   1.4000000e+02   1.9047619e-01
   3.7500000e+01   1.8500000e+02   1.8500000e+02   2.5170068e-01
   3.7600000e+01   1.7900000e+02   1.7900000e+02   2.4353741e-01
   3.7700000e+01   2.3800000e+02   2.3800000e+02   3.2380952e-01
   3.7800000e+01   1.8400000e+02   1.8400000e+02   2.5034014e-01
   3.7900000e+01   1.7500000e+02   1.7500000e+02   2.3809524e-01
   3.8000000e+01   1.4500000e+02   1.4500000e+02   1.9727891e-01
   3.8100000e+01   1.9400000e+02   1.9400000e+02   2.6394558e-01
   3.8200000e+01   1.7200000e+02   1.7200000e+02   2.3401361e-01
   3.8300000e+01   2.0800000e+02   2.0800000e+02   2.8299320e-01
   3.8400000e+01   2.0800000e+02   2.0800000e+02   2.8299320e-01
   3.8500000e+01   2.1600000e+02   2.1600000e+02   2.9387755e-01
   3.8600000e+01   2.3300000e+02   2.3300000e+02   3.1700680e-01
   3.8700000e+01   1.9000000e+02   1.9000000e+02   2.5850340e-01
   3.8800000e+01   2.1900000e+02   2.1900000e+02   2.9795918e-01
   3.8900000e+01   2.0100000e+02   2.0100000e+02   2.7346939e-01
   3.9000000e+01   1.8100000e+02   1.8100000e+02   2.4625850e-01
   3.9100000e+01   1.5800000e+02   1.5800000e+02   2.1496599e-01
   3.9200000e+01   1.7000000e+02   1.7000000e+02   2.3129252e-01
   3.9300000e+01   2.0200000e+02   2.0200000e+02   2.7482993e-01
   3.9400000e+01   1.8600000e+02   1.8600000e+02   2.5306122e-01
   3.9500000e+01   1.9000000e+01   1.9000000e+01   2.5850340e-02
   3.9600000e+01  -2.8000000e+01  -2.8000000e+01  -3.8095238e-02
   3.9700000e+01  -1.3000000e+01  -1.3000000e+01  -1.7687075e-02
   3.9800000e+01   1.3000000e+01   1.3000000e+01   1.7687075e-02
   3.9900000e+01   1.4000000e+01   1.4000000e+01   1.9047619e-02
   4.0000000e+01   2.9000000e+01   2.9000000e+01   3.9455782e-02
   4.0100000e+01  -2.6000000e+01  -2.6000000e+01  -3.5374150e-02
   4.0200000e+01   4.0000000e+00   4.0000000e+00   5.4421769e-03
   4.0300000e+01  -2.4000000e+01  -2.4000000e+01  -3.2653061e-02
   4.0400000e+01  -1.0000000e+00  -1.0000000e+00  -1.3605442e-03
   4.0500000e+01  -3.2000000e+01  -3.2000000e+01  -4.3537415e-02
   4.0600000e+01  -2.4000000e+01  -2.4000000e+01  -3.2653061e-02
   4.0700000e+01  -1.0000000e+01  -1.0000000e+01  -1.3605442e-02
   4.0800000e+01   3.1000000e+01   3.1000000e+01   4.2176871e-02
   4.0900000e+01  -1.2000000e+01  -1.2000000e+01  -1.6326531e-02
   4.1000000e+01   1.6000000e+01   1.6000000e+01   2.1768707e-02
   4.1100000e+01   1.0000000e+01   1.0000000e+01   1.3605442e-02
   4.1200000e+01  -1.2000000e+01  -1.2000000e+01  -1.6326531e-02
   4.1300000e+01   1.1000000e+01   1.1000000e+01   1.4965986e-02
   4.1400000e+01  -4.6000000e+01  -4.6000000e+01  -6.2585034e-02
   4.1500000e+01  -1.1000000e+01  -1.1000000e+01  -1.4965986e-02
   4.1600000e+01   1.3000000e+01   1.3000000e+01   1.7687075e-02
   4.1700000e+01  -5.0000000e+00  -5.0000000e+00  -6.8027211e-03
   4.1800000e+01  -6.0000000e+00  -6.0000000e+00  -8.1632653e-03
   4.1900000e+01  -1.0000000e+01  -1.0000000e+01  -1.3605442e-02
   4.2000000e+01   2.3000000e+01   2.3000000e+01   3.1292517e-02
   4.2100000e+01  -8.0000000e+00  -8.0000000e+00  -1.0884354e-02
   4.2200000e+01   0.0000000e+00   0.0000000e+00   0.0000000e+00
   4.2300000e+01  -4.0000000e+00  -4.0000000e+00  -5.4421769e-03
   4.2400000e+01  -1.4000000e+01  -1.4000000e+01  -1.9047619e-02
   4.2500000e+01  -1.9000000e+01  -1.9000000e+01  -2.5850340e-02
   4.2600000e+01  -2.6000000e+01  -2.6000000e+01  -3.5374150e-02
   4.2700000e+01   6.0000000e+00   6.0000000e+00   8.1632653e-03
   4.2800000e+01  -1.6000000e+01  -1.6000000e+01  -2.1768707e-02
   4.2900000e+01  -1.8000000e+01  -1.8000000e+01  -2.4489796e-02
   4.3000000e+01  -2.0000000e+00  -2.0000000e+00  -2.7210884e-03
   4.3100000e+01  -2.6000000e+01  -2.6000000e+01  -3.5374150e-02
   4.3200000e+01  -1.5000000e+01  -1.5000000e+01  -2.0408163e-02
   4.3300000e+01   0.0000000e+00   0.0000000e+00   0.0000000e+00
   4.3400000e+01  -1.8000000e+01  -1.8000000e+01  -2.4489796e-02
   4.3500000e+01   1.4000000e+01   1.4000000e+01   1.9047619e-02
   4.3600000e+01  -1.0000000e+01  -1.0000000e+01  -1.3605442e-02
   4.3700000e+01  -9.0000000e+00  -9.0000000e+00  -1.2244898e-02
   4.3800000e+01  -3.8000000e+01  -3.8000000e+01  -5.1700680e-02
   4.3900000e+01  -9.0000000e+00  -9.0000000e+00  -1.2244898e-02
   4.4000000e+01   2.7000000e+01   2.7000000e+01   3.6734694e-02
   4.4100000e+01  -2.0000000e+01  -2.0000000e+01  -2.7210884e-02
   4.4200000e+01   1.5000000e+01   1.5000000e+01   2.0408163e-02
   4.4300000e+01  -1.8000000e+01  -1.8000000e+01  -2.4489796e-02
   4.4400000e+01   4.1000000e+01   4.1000000e+01   5.5782313e-02
   4.4500000e+01  -7.0000000e+00  -7.0000000e+00  -9.5238095e-03
   4.4600000e+01  -2.0000000e+01  -2.0000000e+01  -2.7210884e-02
   4.4700000e+01  -2.0000000e+00  -2.0000000e+00  -2.7210884e-03
   4.4800000e+01  -1.0000000e+01  -1.0000000e+01  -1.3605442e-02
   4.4900000e+01   2.2000000e+01   2.2000000e+01   2.9931973e-02
   4.5000000e+01  -2.0000000e+00  -2.0000000e+00  -2.7210884e-03
   4.5100000e+01   1.2000000e+01   1.2000000e+01   1.6326531e-02
   4.5200000e+01  -2.2000000e+01  -2.2000000e+01  -2.9931973e-02
   4.5300000e+01  -8.0000000e+00  -8.0000000e+00  -1.0884354e-02
   4.5400000e+01  -1.5000000e+01  -1.5000000e+01  -2.0408163e-02
   4.5500000e+01  -1.7000000e+01  -1.7000000e+01  -2.3129252e-02
   4.5600000e+01  -4.0000000e+00  -4.0000000e+00  -5.4421769e-03
   4.5700000e+01  -1.4000000e+01  -1.4000000e+01  -1.9047619e-02
   4.5800000e+01   5.0000000e+00   5.0000000e+00   6.8027211e-03
   4.5900000e+01  -1.2000000e+01  -1.2000000e+01  -1.6326531e-02
   4.6000000e+01  -3.0000000e+01  -3.0000000e+01  -4.0816327e-02
   4.6100000e+01  -1.8000000e+01  -1.8000000e+01  -2.4489796e-02
   4.6200000e+01  -1.9000000e+01  -1.9000000e+01  -2.5850340e-02
   4.6300000e+01  -2.1000000e+01  -2.1000000e+01  -2.8571429e-02
   4.6400000e+01  -2.3000000e+01  -2.3000000e+01  -3.1292517e-02
   4.6500000e+01   3.0000000e+00   3.0000000e+00   4.0816327e-03
   4.6600000e+01  -3.0000000e+00  -3.0000000e+00  -4.0816327e-03
   4.6700000e+01   0.0000000e+00   0.0000000e+00   0.0000000e+00
   4.6800000e+01   1.8000000e+01   1.8000000e+01   2.4489796e-02
   4.6900000e+01  -1.4000000e+01  -1.4000000e+01  -1.9047619e-02
   4.7000000e+01   2.7000000e+01   2.7000000e+01   3.6734694e-02
   4.7100000e+01   4.0000000e+00   4.0000000e+00   5.4421769e-03
   4.7200000e+01  -2.0000000e+00  -2.0000000e+00  -2.7210884e-03
   4.7300000e+01   6.0000000e+00   6.0000000e+00   8.1632653e-03
   4.7400000e+01  -1.4000000e+01  -1.4000000e+01  -1.9047619e-02
   4.7500000e+01   2.7000000e+01   2.7000000e+01   3.6734694e-02
   4.7600000e+01   6.0000000e+00   6.0000000e+00   8.1632653e-03
   4.7700000e+01  -3.0000000e+00  -3.0000000e+00  -4.0816327e-03
   4.7800000e+01   1.8000000e+01   1.8000000e+01   2.4489796e-02
   4.7900000e+01  -4.0000000e+00  -4.0000000e+00  -5.4421769e-03
   4.8000000e+01   4.0000000e+00   4.0000000e+00   5.4421769e-03
   4.8100000e+01   8.0000000e+00   8.0000000e+00   1.0884354e-02
   4.8200000e+01  -9.0000000e+00  -9.0000000e+00  -1.2244898e-02
   4.8300000e+01  -1.5000000e+01  -1.5000000e+01  -2.0408163e-02
   4.8400000e+01   3.0000000e+00   3.0000000e+00   4.0816327e-03
   4.8500000e+01   1.8000000e+01   1.8000000e+01   2.4489796e-02
   4.8600000e+01   0.0000000e+00   0.0000000e+00   0.0000000e+00
   4.8700000e+01   5.0000000e+00   5.0000000e+00   6.8027211e-03
   4.8800000e+01  -2.0000000e+00  -2.0000000e+00  -2.7210884e-03
   4.8900000e+01   2.4000000e+01   2.4000000e+01   3.2653061e-02
   4.9000000e+01   2.1000000e+01   2.1000000e+01   2.8571429e-02
   4.9100000e+01  -1.8000000e+01  -1.8000000e+01  -2.4489796e-02
   4.9200000e+01   1.5000000e+01   1.5000000e+01   2.0408163e-02
   4.9300000e+01  -1.3000000e+01  -1.3000000e+01  -1.7687075e-02
   4.9400000e+01  -3.0000000e+01  -3.0000000e+01  -4.0816327e-02
   4.9500000e+01  -1.9000000e+01  -1.9000000e+01  -2.5850340e-02
   4.9600000e+01   4.0000000e+00   4.0000000e+00   5.4421769e-03
   4.9700000e+01  -1.5000000e+01  -1.5000000e+01  -2.0408163e-02
   4.9800000e+01   3.0000000e+01   3.0000000e+01   4.0816327e-02
   4.9900000e+01   2.3000000e+01   2.3000000e+01   3.1292517e-02
   5.0000000e+01   8.0000000e+00   8.0000000e+00   1.0884354e-02
   5.0100000e+01  -1.7000000e+01  -1.7000000e+01  -2.3129252e-02
   5.0200000e+01  -1.8000000e+01  -1.8000000e+01  -2.4489796e-02
   5.0300000e+01   4.0000000e+00   4.0000000e+00   5.4421769e-03
   5.0400000e+01   1.3000000e+01   1.3000000e+01   1.7687075e-02
   5.0500000e+01  -2.1000000e+01  -2.1000000e+01  -2.8571429e-02
   5.0600000e+01   1.3000000e+01   1.3000000e+01   1.7687075e-02
   5.0700000e+01   7.0000000e+00   7.0000000e+00   9.5238095e-03
   5.0800000e+01  -1.0000000e+01  -1.0000000e+01  -1.3605442e-02
   5.0900000e+01  -1.8000000e+01  -1.8000000e+01  -2.4489796e-02
   5.1000000e+01  -1.4000000e+01  -1.4000000e+01  -1.9047619e-02
   5.1100000e+01  -1.2000000e+01  -1.2000000e+01  -1.6326531e-02
   5.1200000e+01   3.0000000e+00   3.0000000e+00   4.0816327e-03
   5.1300000e+01   2.0000000e+01   2.0000000e+01   2.7210884e-02
   5.1400000e+01  -1.1000000e+01  -1.1000000e+01  -1.4965986e-02
   5.1500000e+01   1.1000000e+01   1.1000000e+01   1.4965986e-02
   5.1600000e+01  -7.0000000e+00  -7.0000000e+00  -9.5238095e-03
   5.1700000e+01  -2.6000000e+01  -2.6000000e+01  -3.5374150e-02
   5.1800000e+01   1.1000000e+01   1.1000000e+01   1.4965986e-02
   5.1900000e+01   1.0000000e+01   1.0000000e+01   1.3605442e-02
   5.2000000e+01  -3.7000000e+01  -3.7000000e+01  -5.0340136e-02
   5.2100000e+01  -1.6000000e+01  -1.6000000e+01  -2.1768707e-02
   5.2200000e+01  -9.0000000e+00  -9.0000000e+00  -1.2244898e-02
   5.2300000e+01  -2.0000000e+00  -2.0000000e+00  -2.7210884e-03
   5.2400000e+01   1.5000000e+01   1.5000000e+01   2.0408163e-02
   5.2500000e+01   5.0000000e+00   5.0000000e+00   6.8027211e-03
   5.2600000e+01   1.7000000e+01   1.7000000e+01   2.3129252e-02
   5.2700000e+01   0.0000000e+00   0.0000000e+00   0.0000000e+00
   5.2800000e+01   3.0000000e+00   3.0000000e+00   4.0816327e-03
   5.2900000e+01  -6.0000000e+00  -6.0000000e+00  -8.1632653e-03
   5.3000000e+01   4.0000000e+00   4.0000000e+00   5.4421769e-03
   5.3100000e+01  -6.0000000e+00  -6.0000000e+00  -8.1632653e-03
   5.3200000e+01  -8.0000000e+00  -8.0000000e+00  -1.0884354e-02
   5.3300000e+01   3.0000000e+00   3.0000000e+00   4.0816327e-03
   5.3400000e+01   9.0000000e+00   9.0000000e+00   1.2244898e-02
   5.3500000e+01   1.1000000e+01   1.1000000e+01   1.4965986e-02
   5.3600000e+01  -4.0000000e+00  -4.0000000e+00  -5.4421769e-03
   5.3700000e+01  -2.4000000e+01  -2.4000000e+01  -3.2653061e-02
   5.3800000e+01   1.0000000e+00   1.0000000e+00   1.3605442e-03
   5.3900000e+01   2.2000000e+01   2.2000000e+01   2.9931973e-02
   5.4000000e+01   8.0000000e+00   8.0000000e+00   1.0884354e-02
   5.4100000e+01   3.8000000e+01   3.8000000e+01   5.1700680e-02
   5.4200000e+01   3.0000000e+00   3.0000000e+00   4.0816327e-03
   5.4300000e+01  -2.0000000e+01  -2.0000000e+01  -2.7210884e-02
   5.4400000e+01   3.0000000e+01   3.0000000e+01   4.0816327e-02
   5.4500000e+01  -3.0000000e+01  -3.0000000e+01  -4.0816327e-02
   5.4600000e+01   4.0000000e+00   4.0000000e+00   5.4421769e-03
   5.4700000e+01   1.1000000e+01   1.1000000e+01   1.4965986e-02
   5.4800000e+01  -2.0000000e+01  -2.0000000e+01  -2.7210884e-02
   5.4900000e+01   1.0000000e+00   1.0000000e+00   1.3605442e-03
   5.5000000e+01  -5.0000000e+00  -5.0000000e+00  -6.8027211e-03
   5.5100000e+01   3.7000000e+01   3.7000000e+01   5.0340136e-02
   5.5200000e+01  -1.5000000e+01  -1.5000000e+01  -2.0408163e-02
   5.5300000e+01   1.3000000e+01   1.3000000e+01   1.7687075e-02
   5.5400000e+01   1.0000000e+00   1.0000000e+00   1.3605442e-03
   5.5500000e+01   5.0000000e+00   5.0000000e+00   6.8027211e-03
   5.5600000e+01  -2.2000000e+01  -2.2000000e+01  -2.9931973e-02
   5.5700000e+01   2.0000000e+00   2.0000000e+00   2.7210884e-03
   5.5800000e+01  -1.0000000e+01  -1.0000000e+01  -1.3605442e-02
   5.5900000e+01  -1.0000000e+01  -1.0000000e+01  -1.3605442e-02
   5.6000000e+01   1.0000000e+01   1.0000000e+01   1.3605442e-02
   5.6100000e+01   2.0000000e+00   2.0000000e+00   2.7210884e-03
   5.6200000e+01   2.3000000e+01   2.3000000e+01   3.1292517e-02
   5.6300000e+01  -3.5000000e+01  -3.5000000e+01  -4.7619048e-02
   5.6400000e+01   0.0000000e+00   0.0000000e+00   0.0000000e+00
   5.6500000e+01  -4.0000000e+00  -4.0000000e+00  -5.4421769e-03
   5.6600000e+01  -2.0000000e+01  -2.0000000e+01  -2.7210884e-02
   5.6700000e+01   1.0000000e+00   1.0000000e+00   1.3605442e-03
   5.6800000e+01   4.0000000e+00   4.0000000e+00   5.4421769e-03
   5.6900000e+01   6.0000000e+00   6.0000000e+00   8.1632653e-03
   5.7000000e+01  -2.1000000e+01  -2.1000000e+01  -2.8571429e-02
   5.7100000e+01   3.0000000e+00   3.0000000e+00   4.0816327e-03
   5.7200000e+01  -2.0000000e+01  -2.0000000e+01  -2.7210884e-02
   5.7300000e+01   1.9000000e+01   1.9000000e+01   2.5850340e-02
   5.7400000e+01  -2.1000000e+01  -2.1000000e+01  -2.8571429e-02
   5.7500000e+01   9.0000000e+00   9.0000000e+00   1.2244898e-02
   5.7600000e+01  -3.0000000e+00  -3.0000000e+00  -4.0816327e-03
   5.7700000e+01   4.0000000e+00   4.0000000e+00   5.4421769e-03
   5.7800000e+01  -4.5000000e+01  -4.5000000e+01  -6.1224490e-02
   5.7900000e+01  -2.3000000e+01  -2.3000000e+01  -3.1292517e-02
   5.8000000e+01   2.4000000e+01   2.4000000e+01   3.2653061e-02
   5.8100000e+01   1.8000000e+01   1.8000000e+01   2.4489796e-02
   5.8200000e+01  -2.9000000e+01  -2.9000000e+01  -3.9455782e-02
   5.8300000e+01   5.0000000e+00   5.0000000e+00   6.8027211e-03
   5.8400000e+01  -1.2000000e+01  -1.2000000e+01  -1.6326531e-02
   5.8500000e+01  -1.0000000e+00  -1.0000000e+00  -1.3605442e-03
   5.8600000e+01   1.9000000e+01   1.9000000e+01   2.5850340e-02
   5.8700000e+01  -1.0000000e+00  -1.0000000e+00  -1.3605442e-03
   5.8800000e+01  -4.0000000e+00  -4.0000000e+00  -5.4421769e-03
   5.8900000e+01  -8.0000000e+00  -8.0000000e+00  -1.0884354e-02
   5.9000000e+01   1.3000000e+01   1.3000000e+01   1.7687075e-02
   5.9100000e+01   2.0000000e+00   2.0000000e+00   2.7210884e-03
   5.9200000e+01   3.0000000e+01   3.0000000e+01   4.0816327e-02
   5.9300000e+01   6.0000000e+00   6.0000000e+00   8.1632653e-03
   5.9400000e+01   2.2000000e+01   2.2000000e+01   2.9931973e-02
   5.9500000e+01   8.0000000e+00   8.0000000e+00   1.0884354e-02
   5.9600000e+01  -1.3000000e+01  -1.3000000e+01  -1.7687075e-02
   5.9700000e+01   1.9000000e+01   1.9000000e+01   2.5850340e-02
   5.9800000e+01   5.0000000e+00   5.0000000e+00   6.8027211e-03
   5.9900000e+01   1.1000000e+01   1.1000000e+01   1.4965986e-02
   6.0000000e+01  -6.0000000e+01  -6.0000000e+01  -8.1632653e-02
   6.0100000e+01   1.5000000e+01   1.5000000e+01   2.0408163e-02
   6.0200000e+01  -1.1000000e+01  -1.1000000e+01  -1.4965986e-02
   6.0300000e+01  -7.0000000e+00  -7.0000000e+00  -9.5238095e-03
   6.0400000e+01  -1.6000000e+01  -1.6000000e+01  -2.1768707e-02
   6.0500000e+01   2.0000000e+00   2.0000000e+00   2.7210884e-03
   6.0600000e+01   4.0000000e+00   4.0000000e+00   5.4421769e-03
   6.0700000e+01   4.0000000e+00   4.0000000e+00   5.4421769e-03
   6.0800000e+01  -8.0000000e+00  -8.0000000e+00  -1.0884354e-02
   6.0900000e+01   2.0000000e+01   2.0000000e+01   2.7210884e-02
   6.1000000e+01  -8.0000000e+00  -8.0000000e+00  -1.0884354e-02
   6.1100000e+01   1.5000000e+01   1.5000000e+01   2.0408163e-02
   6.1200000e+01  -1.3000000e+01  -1.3000000e+01  -1.7687075e-02
   6.1300000e+01   5.0000000e+00   5.0000000e+00   6.8027211e-03
   6.1400000e+01   2.4000000e+01   2.4000000e+01   3.2653061e-02
   6.1500000e+01   1.0000000e+00   1.0000000e+00   1.3605442e-03
   6.1600000e+01   1.0000000e+00   1.0000000e+00   1.3605442e-03
   6.1700000e+01  -1.0000000e+00  -1.0000000e+00  -1.3605442e-03
   6.1800000e+01   6.0000000e+00   6.0000000e+00   8.1632653e-03
   6.1900000e+01   1.7000000e+01   1.7000000e+01   2.3129252e-02
   6.2000000e+01  -1.8000000e+01  -1.8000000e+01  -2.4489796e-02
   6.2100000e+01  -1.1000000e+01  -1.1000000e+01  -1.4965986e-02
   6.2200000e+01   0.0000000e+00   0.0000000e+00   0.0000000e+00
   6.2300000e+01  -4.0000000e+00  -4.0000000e+00  -5.4421769e-03
   6.2400000e+01   1.6000000e+01   1.6000000e+01   2.1768707e-02
   6.2500000e+01  -2.0000000e+01  -2.0000000e+01  -2.7210884e-02
   6.2600000e+01  -1.9000000e+01  -1.9000000e+01  -2.5850340e-02
   6.2700000e+01   1.7000000e+01   1.7000000e+01   2.3129252e-02
   6.2800000e+01  -2.6000000e+01  -2.6000000e+01  -3.5374150e-02
   6.2900000e+01  -3.1000000e+01  -3.1000000e+01  -4.2176871e-02
   6.3000000e+01   1.0000000e+00   1.0000000e+00   1.3605442e-03
   6.3100000e+01  -2.4000000e+01  -2.4000000e+01  -3.2653061e-02
   6.3200000e+01   4.0000000e+01   4.0000000e+01   5.4421769e-02
   6.3300000e+01  -3.7000000e+01  -3.7000000e+01  -5.0340136e-02
   6.3400000e+01   8.0000000e+00   8.0000000e+00   1.0884354e-02
   6.3500000e+01  -1.0000000e+00  -1.0000000e+00  -1.3605442e-03
   6.3600000e+01   1.4000000e+01   1.4000000e+01   1.9047619e-02
   6.3700000e+01  -3.0000000e+00  -3.0000000e+00  -4.0816327e-03
   6.3800000e+01  -1.3000000e+01  -1.3000000e+01  -1.7687075e-02
   6.3900000e+01  -1.1000000e+01  -1.1000000e+01  -1.4965986e-02
   6.4000000e+01   5.0000000e+00   5.0000000e+00   6.8027211e-03
   6.4100000e+01   2.0000000e+00   2.0000000e+00   2.7210884e-03
   6.4200000e+01  -9.0000000e+00  -9.0000000e+00  -1.2244898e-02
   6.4300000e+01   9.0000000e+00   9.0000000e+00   1.2244898e-02
   6.4400000e+01   2.2000000e+01   2.2000000e+01   2.9931973e-02
   6.4500000e+01  -7.0000000e+00  -7.0000000e+00  -9.5238095e-03
   6.4600000e+01   1.2000000e+01   1.2000000e+01   1.6326531e-02
   6.4700000e+01   1.6000000e+01   1.6000000e+01   2.1768707e-02
   6.4800000e+01   1.7000000e+01   1.7000000e+01   2.3129252e-02
   6.4900000e+01   9.0000000e+00   9.0000000e+00   1.2244898e-02
   6.5000000e+01  -7.0000000e+00  -7.0000000e+00  -9.5238095e-03
   6.5100000e+01  -2.0000000e+00  -2.0000000e+00  -2.7210884e-03
   6.5200000e+01   2.1000000e+01   2.1000000e+01   2.8571429e-02
   6.5300000e+01   2.9000000e+01   2.9000000e+01   3.9455782e-02
   6.5400000e+01  -2.5000000e+01  -2.5000000e+01  -3.4013605e-02
   6.5500000e+01   1.7000000e+01   1.7000000e+01   2.3129252e-02
   6.5600000e+01  -3.0000000e+00  -3.0000000e+00  -4.0816327e-03
   6.5700000e+01  -1.0000000e+00  -1.0000000e+00  -1.3605442e-03
   6.5800000e+01  -1.5000000e+01  -1.5000000e+01  -2.0408163e-02
   6.5900000e+01   1.4000000e+01   1.4000000e+01   1.9047619e-02
   6.6000000e+01   5.0000000e+00   5.0000000e+00   6.8027211e-03
   6.6100000e+01   1.4000000e+01   1.4000000e+01   1.9047619e-02
   6.6200000e+01  -3.0000000e+00  -3.0000000e+00  -4.0816327e-03
   6.6300000e+01  -8.0000000e+00  -8.0000000e+00  -1.0884354e-02
   6.6400000e+01  -1.0000000e+00  -1.0000000e+00  -1.3605442e-03
   6.6500000e+01  -9.0000000e+00  -9.0000000e+00  -1.2244898e-02
   6.6600000e+01   1.6000000e+01   1.6000000e+01   2.1768707e-02
   6.6700000e+01   4.0000000e+00   4.0000000e+00   5.4421769e-03
   6.6800000e+01   1.6000000e+01   1.6000000e+01   2.1768707e-02
   6.6900000e+01   9.0000000e+00   9.0000000e+00   1.2244898e-02
   6.7000000e+01   2.0000000e+00   2.0000000e+00   2.7210884e-03
   6.7100000e+01   1.0000000e+01   1.0000000e+01   1.3605442e-02
   6.7200000e+01  -2.0000000e+00  -2.0000000e+00  -2.7210884e-03
   6.7300000e+01  -1.3000000e+01  -1.3000000e+01  -1.7687075e-02
   6.7400000e+01  -2.4000000e+01  -2.4000000e+01  -3.2653061e-02
   6.7500000e+01   1.0000000e+00   1.0000000e+00   1.3605442e-03
   6.7600000e+01   1.4000000e+01   1.4000000e+01   1.9047619e-02
   6.7700000e+01   1.8000000e+01   1.8000000e+01   2.4489796e-02
   6.7800000e+01   1.4000000e+01   1.4000000e+01   1.9047619e-02
   6.7900000e+01   2.8000000e+01   2.8000000e+01   3.8095238e-02
   6.8000000e+01   5.0000000e+00   5.0000000e+00   6.8027211e-03
   6.8100000e+01   3.0000000e+01   3.0000000e+01   4.0816327e-02
   6.8200000e+01   1.4000000e+01   1.4000000e+01   1.9047619e-02
   6.8300000e+01   9.0000000e+00   9.0000000e+00   1.2244898e-02
   6.8400000e+01  -7.0000000e+00  -7.0000000e+00  -9.5238095e-03
   6.8500000e+01  -4.0000000e+00  -4.0000000e+00  -5.4421769e-03
   6.8600000e+01   1.8000000e+01   1.8000000e+01   2.4489796e-02
   6.8700000e+01  -1.4000000e+01  -1.4000000e+01  -1.9047619e-02
   6.8800000e+01   1.2000000e+01   1.2000000e+01   1.6326531e-02
   6.8900000e+01  -3.0000000e+00  -3.0000000e+00  -4.0816327e-03
   6.9000000e+01   1.0000000e+01   1.0000000e+01   1.3605442e-02
   6.9100000e+01   6.0000000e+00   6.0000000e+00   8.1632653e-03
   6.9200000e+01  -2.0000000e+00  -2.0000000e+00  -2.7210884e-03
   6.9300000e+01   1.1000000e+01   1.1000000e+01   1.4965986e-02
   6.9400000e+01  -8.0000000e+00  -8.0000000e+00  -1.0884354e-02
   6.9500000e+01   2.0000000e+00   2.0000000e+00   2.7210884e-03
   6.9600000e+01  -8.0000000e+00  -8.0000000e+00  -1.0884354e-02
   6.9700000e+01   3.0000000e+00   3.0000000e+00   4.0816327e-03
   6.9800000e+01  -1.0000000e+00  -1.0000000e+00  -1.3605442e-03
   6.9900000e+01   1.0000000e+01   1.0000000e+01   1.3605442e-02
   7.0000000e+01   4.2000000e+01   4.2000000e+01   5.7142857e-02
   7.0100000e+01  -1.3000000e+01  -1.3000000e+01  -1.7687075e-02
   7.0200000e+01  -2.2000000e+01  -2.2000000e+01  -2.9931973e-02
   7.0300000e+01  -7.0000000e+00  -7.0000000e+00  -9.5238095e-03
   7.0400000e+01  -1.1000000e+01  -1.1000000e+01  -1.4965986e-02
   7.0500000e+01  -1.6000000e+01  -1.6000000e+01  -2.1768707e-02
   7.0600000e+01   1.2000000e+01   1.2000000e+01   1.6326531e-02
   7.0700000e+01  -2.2000000e+01  -2.2000000e+01  -2.9931973e-02
   7.0800000e+01  -4.0000000e+00  -4.0000000e+00  -5.4421769e-03
   7.0900000e+01  -1.1000000e+01  -1.1000000e+01  -1.4965986e-02
   7.1000000e+01  -7.0000000e+00  -7.0000000e+00  -9.5238095e-03
   7.1100000e+01   3.8000000e+01   3.8000000e+01   5.1700680e-02
   7.1200000e+01  -8.0000000e+00  -8.0000000e+00  -1.0884354e-02
   7.1300000e+01  -3.0000000e+00  -3.0000000e+00  -4.0816327e-03
   7.1400000e+01   9.0000000e+00   9.0000000e+00   1.2244898e-02
   7.1500000e+01   7.0000000e+00   7.0000000e+00   9.5238095e-03
   7.1600000e+01   1.0000000e+00   1.0000000e+00   1.3605442e-03
   7.1700000e+01   1.5000000e+01   1.5000000e+01   2.0408163e-02
   7.1800000e+01   2.2000000e+01   2.2000000e+01   2.9931973e-02
   7.1900000e+01   3.2000000e+01   3.2000000e+01   4.3537415e-02
   7.2000000e+01   2.9000000e+01   2.9000000e+01   3.9455782e-02
   7.2100000e+01  -1.9000000e+01  -1.9000000e+01  -2.5850340e-02
   7.2200000e+01   1.3000000e+01   1.3000000e+01   1.7687075e-02
   7.2300000e+01  -4.0000000e+00  -4.0000000e+00  -5.4421769e-03
   7.2400000e+01   5.0000000e+00   5.0000000e+00   6.8027211e-03
   7.2500000e+01  -7.0000000e+00  -7.0000000e+00  -9.5238095e-03
   7.2600000e+01   1.4000000e+01   1.4000000e+01   1.9047619e-02
   7.2700000e+01   2.6000000e+01   2.6000000e+01   3.5374150e-02
   7.2800000e+01   1.5000000e+01   1.5000000e+01   2.0408163e-02
   7.2900000e+01   2.7000000e+01   2.7000000e+01   3.6734694e-02
   7.3000000e+01   1.0000000e+00   1.0000000e+00   1.3605442e-03
   7.3100000e+01   1.4000000e+01   1.4000000e+01   1.9047619e-02
   7.3200000e+01  -4.0000000e+00  -4.0000000e+00  -5.4421769e-03
   7.3300000e+01  -1.7000000e+01  -1.7000000e+01  -2.3129252e-02
   7.3400000e+01   2.0000000e+00   2.0000000e+00   2.7210884e-03
   7.3500000e+01   0.0000000e+00   0.0000000e+00   0.0000000e+00
   7.3600000e+01   8.0000000e+00   8.0000000e+00   1.0884354e-02
   7.3700000e+01   2.6000000e+01   2.6000000e+01   3.5374150e-02
   7.3800000e+01   5.0000000e+00   5.0000000e+00   6.8027211e-03
   7.3900000e+01   0.0000000e+00   0.0000000e+00   0.0000000e+00
   7.4000000e+01   6.0000000e+00   6.0000000e+00   8.1632653e-03
   7.4100000e+01   2.2000000e+01   2.2000000e+01   2.9931973e-02
   7.4200000e+01  -5.0000000e+00  -5.0000000e+00  -6.8027211e-03
   7.4300000e+01   0.0000000e+00   0.0000000e+00   0.0000000e+00
   7.4400000e+01   3.0000000e+00   3.0000000e+00   4.0816327e-03
   7.4500000e+01  -7.0000000e+00  -7.0000000e+00  -9.5238095e-03
   7.4600000e+01   8.0000000e+00   8.0000000e+00   1.0884354e-02
   7.4700000e+01   1.0000000e+01   1.0000000e+01   1.3605442e-02
   7.4800000e+01   3.0000000e+00   3.0000000e+00   4.0816327e-03
   7.4900000e+01  -1.5000000e+01  -1.5000000e+01  -2.0408163e-02
   7.5000000e+01   6.0000000e+00   6.0000000e+00   8.1632653e-03
   7.5100000e+01  -2.6000000e+01  -2.6000000e+01  -3.5374150e-02
   7.5200000e+01   2.0000000e+00   2.0000000e+00   2.7210884e-03
   7.5300000e+01   1.2000000e+01   1.2000000e+01   1.6326531e-02
   7.5400000e+01   1.3000000e+01   1.3000000e+01   1.7687075e-02
   7.5500000e+01  -2.8000000e+01  -2.8000000e+01  -3.8095238e-02
   7.5600000e+01  -5.0000000e+00  -5.0000000e+00  -6.8027211e-03
   7.5700000e+01  -1.3000000e+01  -1.3000000e+01  -1.7687075e-02
   7.5800000e+01   3.0000000e+00   3.0000000e+00   4.0816327e-03
   7.5900000e+01  -3.3000000e+01  -3.3000000e+01  -4.4897959e-02
   7.6000000e+01   1.0000000e+01   1.0000000e+01   1.3605442e-02
   7.6100000e+01   1.2000000e+01   1.2000000e+01   1.6326531e-02
   7.6200000e+01   2.1000000e+01   2.1000000e+01   2.8571429e-02
   7.6300000e+01  -2.0000000e+00  -2.0000000e+00  -2.7210884e-03
   7.6400000e+01  -1.9000000e+01  -1.9000000e+01  -2.5850340e-02
   7.6500000e+01   4.0000000e+00   4.0000000e+00   5.4421769e-03
   7.6600000e+01  -6.0000000e+00  -6.0000000e+00  -8.1632653e-03
   7.6700000e+01  -7.0000000e+00  -7.0000000e+00  -9.5238095e-03
   7.6800000e+01  -5.0000000e+00  -5.0000000e+00  -6.8027211e-03
   7.6900000e+01  -1.5000000e+01  -1.5000000e+01  -2.0408163e-02
   7.7000000e+01  -5.0000000e+00  -5.0000000e+00  -6.8027211e-03
   7.7100000e+01   4.0000000e+00   4.0000000e+00   5.4421769e-03
   7.7200000e+01  -1.5000000e+01  -1.5000000e+01  -2.0408163e-02
   7.7300000e+01  -1.0000000e+01  -1.0000000e+01  -1.3605442e-02
   7.7400000e+01  -2.1000000e+01  -2.1000000e+01  -2.8571429e-02
   7.7500000e+01   1.2000000e+01   1.2000000e+01   1.6326531e-02
   7.7600000e+01  -2.8000000e+01  -2.8000000e+01  -3.8095238e-02
   7.7700000e+01  -2.0000000e+00  -2.0000000e+00  -2.7210884e-03
   7.7800000e+01   1.5000000e+01   1.5000000e+01   2.0408163e-02
   7.7900000e+01   1.8000000e+01   1.8000000e+01   2.4489796e-02
   7.8000000e+01   6.0000000e+00   6.0000000e+00   8.1632653e-03
   7.8100000e+01   1.0000000e+01   1.0000000e+01   1.3605442e-02
   7.8200000e+01  -8.0000000e+00  -8.0000000e+00  -1.0884354e-02
   7.8300000e+01  -2.2000000e+01  -2.2000000e+01  -2.9931973e-02
   7.8400000e+01  -3.9000000e+01  -3.9000000e+01  -5.3061224e-02
   7.8500000e+01  -6.0000000e+00  -6.0000000e+00  -8.1632653e-03
   7.8600000e+01   1.5000000e+01   1.5000000e+01   2.0408163e-02
   7.8700000e+01  -5.0000000e+00  -5.0000000e+00  -6.8027211e-03
   7.8800000e+01   1.1000000e+01   1.1000000e+01   1.4965986e-02
   7.8900000e+01  -4.3000000e+01  -4.3000000e+01  -5.8503401e-02
   7.9000000e+01  -8.0000000e+00  -8.0000000e+00  -1.0884354e-02
   7.9100000e+01   0.0000000e+00   0.0000000e+00   0.0000000e+00
