   0.0000000e+00   2.2800000e+02   2.2800000e+02   1.6602949e-01
   1.0000000e-01   1.3230000e+03   1.3230000e+03   9.6340797e-01
   2.0000000e-01   1.3580000e+03   1.3580000e+03   9.8889496e-01
   3.0000000e-01   1.4060000e+03   1.4060000e+03   1.0238485e+00
   4.0000000e-01   1.4060000e+03   1.4060000e+03   1.0238485e+00
   5.0000000e-01   1.4280000e+03   1.4280000e+03   1.0398689e+00
   6.0000000e-01   1.4650000e+03   1.4650000e+03   1.0668123e+00
   7.0000000e-01   1.5240000e+03   1.5240000e+03   1.1097761e+00
   8.0000000e-01   1.4290000e+03   1.4290000e+03   1.0405971e+00
   9.0000000e-01   1.3440000e+03   1.3440000e+03   9.7870016e-01
   1.0000000e+00   1.4180000e+03   1.4180000e+03   1.0325869e+00
   1.1000000e+00   1.4220000e+03   1.4220000e+03   1.0354997e+00
   1.2000000e+00   1.3820000e+03   1.3820000e+03   1.0063717e+00
   1.3000000e+00   1.3480000e+03   1.3480000e+03   9.8161296e-01
   1.4000000e+00   1.2570000e+03   1.2570000e+03   9.1534681e-01
   1.5000000e+00   1.3140000e+03   1.3140000e+03   9.5685418e-01
   1.6000000e+00   1.2600000e+03   1.2600000e+03   9.1753140e-01
   1.7000000e+00   1.2630000e+03   1.2630000e+03   9.1971600e-01
   1.8000000e+00   1.2620000e+03   1.2620000e+03   9.1898780e-01
   1.9000000e+00   1.3930000e+03   1.3930000e+03   1.0143819e+00
   2.0000000e+00   1.4760000e+03   1.4760000e+03   1.0748225e+00
   2.1000000e+00   1.3770000e+03   1.3770000e+03   1.0027307e+00
   2.2000000e+00   1.3460000e+03   1.3460000e+03   9.8015656e-01
   2.3000000e+00   1.3200000e+03   1.3200000e+03   9.6122338e-01
   2.4000000e+00   1.3760000e+03   1.3760000e+03   1.0020025e+00
   2.5000000e+00   1.5020000e+03   1.5020000e+03   1.0937557e+00
   2.6000000e+00   1.4250000e+03   1.4250000e+03   1.0376843e+00
   2.7000000e+00   1.4200000e+03   1.4200000e+03   1.0340433e+00
   2.8000000e+00   1.4440000e+03   1.4440000e+03   1.0515201e+00
   2.9000000e+00   1.3610000e+03   1.3610000e+03   9.9107956e-01
   3.0000000e+00   1.3170000e+03   1.3170000e+03   9.5903878e-01
   3.1000000e+00   1.4280000e+03   1.4280000e+03   1.0398689e+00
   3.2000000e+00   1.5440000e+03   1.5440000e+03   1.1243401e+00
   3.3000000e+00   1.4040000e+03   1.4040000e+03   1.0223921e+00
   3.4000000e+00   1.4240000e+03   1.4240000e+03   1.0369561e+00
   3.5000000e+00   1.3280000e+03   1.3280000e+03   9.6704897e-01
   3.6000000e+00   1.1420000e+03   1.1420000e+03   8.3160386e-01
   3.7000000e+00   1.0410000e+03   1.0410000e+03   7.5805571e-01
   3.8000000e+00   1.1020000e+03   1.1020000e+03   8.0247588e-01
   3.9000000e+00   1.2160000e+03   1.2160000e+03   8.8549062e-01
   4.0000000e+00   1.1510000e+03   1.1510000e+03   8.3815766e-01
   4.1000000e+00   1.0490000e+03   1.0490000e+03   7.6388130e-01
   4.2000000e+00   1.0570000e+03   1.0570000e+03   7.6970690e-01
   4.3000000e+00   1.0930000e+03   1.0930000e+03   7.9592208e-01
   4.4000000e+00   8.0500000e+02   8.0500000e+02   5.8620062e-01
   4.5000000e+00   7.5900000e+02   7.5900000e+02   5.5270344e-01
   4.6000000e+00   8.5200000e+02   8.5200000e+02   6.2042600e-01
   4.7000000e+00   8.6000000e+02   8.6000000e+02   6.2625159e-01
   4.8000000e+00   1.0790000e+03   1.0790000e+03   7.8572729e-01
   4.9000000e+00   1.0870000e+03   1.0870000e+03   7.9155289e-01
   5.0000000e+00   9.8700000e+02   9.8700000e+02   7.1873293e-01
   5.1000000e+00   1.1510000e+03   1.1510000e+03   8.3815766e-01
   5.2000000e+00   1.0820000e+03   1.0820000e+03   7.8791189e-01
   5.3000000e+00   9.3000000e+02   9.3000000e+02   6.7722556e-01
   5.4000000e+00   9.3100000e+02   9.3100000e+02   6.7795376e-01
   5.5000000e+00   1.1360000e+03   1.1360000e+03   8.2723466e-01
   5.6000000e+00   1.1050000e+03   1.1050000e+03   8.0466048e-01
   5.7000000e+00   1.1450000e+03   1.1450000e+03   8.3378846e-01
   5.8000000e+00   1.1190000e+03   1.1190000e+03   8.1485527e-01
   5.9000000e+00   1.1060000e+03   1.1060000e+03   8.0538868e-01
   6.0000000e+00   9.4800000e+02   9.4800000e+02   6.9033315e-01
   6.1000000e+00   1.0560000e+03   1.0560000e+03   7.6897870e-01
   6.2000000e+00   1.0860000e+03   1.0860000e+03   7.9082469e-01
   6.3000000e+00   1.1320000e+03   1.1320000e+03   8.2432186e-01
   6.4000000e+00   6.2200000e+02   6.2200000e+02   4.5294011e-01
   6.5000000e+00   6.4100000e+02   6.4100000e+02   4.6677590e-01
   6.6000000e+00   5.7300000e+02   5.7300000e+02   4.1725833e-01
   6.7000000e+00   6.0100000e+02   6.0100000e+02   4.3764792e-01
   6.8000000e+00   6.4900000e+02   6.4900000e+02   4.7260149e-01
   6.9000000e+00   6.3600000e+02   6.3600000e+02   4.6313490e-01
   7.0000000e+00   5.6700000e+02   5.6700000e+02   4.1288913e-01
   7.1000000e+00   6.3400000e+02   6.3400000e+02   4.6167850e-01
   7.2000000e+00   5.9600000e+02   5.9600000e+02   4.3400692e-01
   7.3000000e+00   6.4100000e+02   6.4100000e+02   4.6677590e-01
   7.4000000e+00   5.7700000e+02   5.7700000e+02   4.2017113e-01
   7.5000000e+00   5.9300000e+02   5.9300000e+02   4.3182232e-01
   7.6000000e+00   5.3400000e+02   5.3400000e+02   3.8885855e-01
   7.7000000e+00   6.3600000e+02   6.3600000e+02   4.6313490e-01
   7.8000000e+00   5.8200000e+02   5.8200000e+02   4.2381212e-01
   7.9000000e+00   6.7900000e+02   6.7900000e+02   4.9444748e-01
   8.0000000e+00   6.0000000e+02   6.0000000e+02   4.3691972e-01
   8.1000000e+00   6.1000000e+02   6.1000000e+02   4.4420171e-01
   8.2000000e+00   6.0500000e+02   6.0500000e+02   4.4056071e-01
   8.3000000e+00   5.8600000e+02   5.8600000e+02   4.2672492e-01
   8.4000000e+00   6.3500000e+02   6.3500000e+02   4.6240670e-01
   8.5000000e+00   6.2900000e+02   6.2900000e+02   4.5803750e-01
   8.6000000e+00   6.0100000e+02   6.0100000e+02   4.3764792e-01
   8.7000000e+00   5.3700000e+02   5.3700000e+02   3.9104315e-01
   8.8000000e+00   6.0700000e+02   6.0700000e+02   4.4201711e-01
   8.9000000e+00   6.5100000e+02   6.5100000e+02   4.7405789e-01
   9.0000000e+00   6.3700000e+02   6.3700000e+02   4.6386310e-01
   9.1000000e+00   6.3100000e+02   6.3100000e+02   4.5949390e-01
   9.2000000e+00   7.3200000e+02   7.3200000e+02   5.3304205e-01
   9.3000000e+00   6.1600000e+02   6.1600000e+02   4.4857091e-01
   9.4000000e+00   6.5100000e+02   6.5100000e+02   4.7405789e-01
   9.5000000e+00   5.7400000e+02   5.7400000e+02   4.1798653e-01
   9.6000000e+00   1.8800000e+02   1.8800000e+02   1.3690151e-01
   9.7000000e+00   2.5000000e+02   2.5000000e+02   1.8204988e-01
   9.8000000e+00   1.9100000e+02   1.9100000e+02   1.3908611e-01
   9.9000000e+00   2.4000000e+02   2.4000000e+02   1.7476789e-01
   1.0000000e+01   2.1800000e+02   2.1800000e+02   1.5874750e-01
   1.0100000e+01   2.0700000e+02   2.0700000e+02   1.5073730e-01
   1.0200000e+01   1.9500000e+02   1.9500000e+02   1.4199891e-01
   1.0300000e+01   1.5100000e+02   1.5100000e+02   1.0995813e-01
   1.0400000e+01   1.7500000e+02   1.7500000e+02   1.2743492e-01
   1.0500000e+01   1.4800000e+02   1.4800000e+02   1.0777353e-01
   1.0600000e+01   1.5500000e+02   1.5500000e+02   1.1287093e-01
   1.0700000e+01   1.6600000e+02   1.6600000e+02   1.2088112e-01
   1.0800000e+01   2.2100000e+02   2.2100000e+02   1.6093210e-01
   1.0900000e+01   1.8600000e+02   1.8600000e+02   1.3544511e-01
   1.1000000e+01   2.5500000e+02   2.5500000e+02   1.8569088e-01
   1.1100000e+01   2.9100000e+02   2.9100000e+02   2.1190606e-01
   1.1200000e+01   1.9700000e+02   1.9700000e+02   1.4345531e-01
   1.1300000e+01   2.0000000e+02   2.0000000e+02   1.4563991e-01
   1.1400000e+01   2.0200000e+02   2.0200000e+02   1.4709630e-01
   1.1500000e+01   1.6400000e+02   1.6400000e+02   1.1942472e-01
   1.1600000e+01   1.9500000e+02   1.9500000e+02   1.4199891e-01
   1.1700000e+01   2.2400000e+02   2.2400000e+02   1.6311669e-01
   1.1800000e+01   1.6300000e+02   1.6300000e+02   1.1869652e-01
   1.1900000e+01   1.9300000e+02   1.9300000e+02   1.4054251e-01
   1.2000000e+01   1.6300000e+02   1.6300000e+02   1.1869652e-01
   1.2100000e+01   1.8200000e+02   1.8200000e+02   1.3253231e-01
   1.2200000e+01   1.7600000e+02   1.7600000e+02   1.2816312e-01
   1.2300000e+01   1.5200000e+02   1.5200000e+02   1.1068633e-01
   1.2400000e+01   2.1600000e+02   2.1600000e+02   1.5729110e-01
   1.2500000e+01   1.9600000e+02   1.9600000e+02   1.4272711e-01
   1.2600000e+01   1.6800000e+02   1.6800000e+02   1.2233752e-01
   1.2700000e+01   1.0200000e+02   1.0200000e+02   7.4276352e-02
   1.2800000e+01   1.1300000e+02   1.1300000e+02   8.2286547e-02
   1.2900000e+01   1.9200000e+02   1.9200000e+02   1.3981431e-01
   1.3000000e+01   2.0800000e+02   2.0800000e+02   1.5146550e-01
   1.3100000e+01   2.5200000e+02   2.5200000e+02   1.8350628e-01
   1.3200000e+01   1.6500000e+02   1.6500000e+02   1.2015292e-01
   1.3300000e+01   2.2100000e+02   2.2100000e+02   1.6093210e-01
   1.3400000e+01   1.8100000e+02   1.8100000e+02   1.3180411e-01
   1.3500000e+01   1.6500000e+02   1.6500000e+02   1.2015292e-01
   1.3600000e+01   1.2300000e+02   1.2300000e+02   8.9568542e-02
   1.3700000e+01   1.0000000e+01   1.0000000e+01   7.2819953e-03
   1.3800000e+01  -8.0000000e+00  -8.0000000e+00  -5.8255962e-03
   1.3900000e+01  -5.0000000e+00  -5.0000000e+00  -3.6409976e-03
   1.4000000e+01   2.5000000e+01   2.5000000e+01   1.8204988e-02
   1.4100000e+01  -7.0000000e+00  -7.0000000e+00  -5.0973967e-03
   1.4200000e+01   2.0000000e+00   2.0000000e+00   1.4563991e-03
   1.4300000e+01  -4.6000000e+01  -4.6000000e+01  -3.3497178e-02
   1.4400000e+01   5.0000000e+00   5.0000000e+00   3.6409976e-03
   1.4500000e+01   4.0000000e+00   4.0000000e+00   2.9127981e-03
   1.4600000e+01   1.3000000e+01   1.3000000e+01   9.4665938e-03
   1.4700000e+01  -2.7000000e+01  -2.7000000e+01  -1.9661387e-02
   1.4800000e+01   4.0000000e+00   4.0000000e+00   2.9127981e-03
   1.4900000e+01   2.2000000e+01   2.2000000e+01   1.6020390e-02
   1.5000000e+01  -8.0000000e+00  -8.0000000e+00  -5.8255962e-03
   1.5100000e+01  -2.0000000e+01  -2.0000000e+01  -1.4563991e-02
   1.5200000e+01  -2.0000000e+00  -2.0000000e+00  -1.4563991e-03
   1.5300000e+01   9.0000000e+00   9.0000000e+00   6.5537957e-03
   1.5400000e+01  -4.0000000e+00  -4.0000000e+00  -2.9127981e-03
   1.5500000e+01   6.0000000e+00   6.0000000e+00   4.3691972e-03
   1.5600000e+01  -1.2000000e+01  -1.2000000e+01  -8.7383943e-03
   1.5700000e+01   8.0000000e+00   8.0000000e+00   5.8255962e-03
   1.5800000e+01   3.0000000e+00   3.0000000e+00   2.1845986e-03
   1.5900000e+01  -4.0000000e+00  -4.0000000e+00  -2.9127981e-03
   1.6000000e+01   1.0000000e+00   1.0000000e+00   7.2819953e-04
   1.6100000e+01   8.0000000e+00   8.0000000e+00   5.8255962e-03
   1.6200000e+01   2.0000000e+01   2.0000000e+01   1.4563991e-02
   1.6300000e+01   2.2000000e+01   2.2000000e+01   1.6020390e-02
   1.6400000e+01  -1.8000000e+01  -1.8000000e+01  -1.3107591e-02
   1.6500000e+01   2.0000000e+01   2.0000000e+01   1.4563991e-02
   1.6600000e+01   4.0000000e+00   4.0000000e+00   2.9127981e-03
   1.6700000e+01   2.4000000e+01   2.4000000e+01   1.7476789e-02
   1.6800000e+01  -5.3000000e+01  -5.3000000e+01  -3.8594575e-02
   1.6900000e+01  -1.2000000e+01  -1.2000000e+01  -8.7383943e-03
   1.7000000e+01  -2.0000000e+01  -2.0000000e+01  -1.4563991e-02
   1.7100000e+01   1.0000000e+00   1.0000000e+00   7.2819953e-04
   1.7200000e+01  -2.1000000e+01  -2.1000000e+01  -1.5292190e-02
   1.7300000e+01  -2.4000000e+01  -2.4000000e+01  -1.7476789e-02
   1.7400000e+01   0.0000000e+00   0.0000000e+00   0.0000000e+00
   1.7500000e+01   1.3000000e+01   1.3000000e+01   9.4665938e-03
   1.7600000e+01  -3.3000000e+01  -3.3000000e+01  -2.4030584e-02
   1.7700000e+01   1.3000000e+01   1.3000000e+01   9.4665938e-03
   1.7800000e+01   2.0000000e+00   2.0000000e+00   1.4563991e-03
   1.7900000e+01  -1.0000000e+01  -1.0000000e+01  -7.2819953e-03
   1.8000000e+01  -1.0000000e+01  -1.0000000e+01  -7.2819953e-03
   1.8100000e+01   2.4000000e+01   2.4000000e+01   1.7476789e-02
   1.8200000e+01  -8.0000000e+00  -8.0000000e+00  -5.8255962e-03
   1.8300000e+01  -3.4000000e+01  -3.4000000e+01  -2.4758784e-02
   1.8400000e+01   1.0000000e+00   1.0000000e+00   7.2819953e-04
   1.8500000e+01   2.1000000e+01   2.1000000e+01   1.5292190e-02
   1.8600000e+01  -1.3000000e+01  -1.3000000e+01  -9.4665938e-03
   1.8700000e+01  -3.0000000e+00  -3.0000000e+00  -2.1845986e-03
   1.8800000e+01   7.0000000e+00   7.0000000e+00   5.0973967e-03
   1.8900000e+01   1.0000000e+00   1.0000000e+00   7.2819953e-04
   1.9000000e+01  -1.0000000e+01  -1.0000000e+01  -7.2819953e-03
   1.9100000e+01   1.5000000e+01   1.5000000e+01   1.0922993e-02
   1.9200000e+01   1.3000000e+01   1.3000000e+01   9.4665938e-03
   1.9300000e+01   1.1000000e+01   1.1000000e+01   8.0101948e-03
   1.9400000e+01   4.0000000e+00   4.0000000e+00   2.9127981e-03
   1.9500000e+01  -2.1000000e+01  -2.1000000e+01  -1.5292190e-02
   1.9600000e+01  -3.8000000e+01  -3.8000000e+01  -2.7671582e-02
   1.9700000e+01  -6.0000000e+00  -6.0000000e+00  -4.3691972e-03
   1.9800000e+01   9.0000000e+00   9.0000000e+00   6.5537957e-03
   1.9900000e+01  -4.2000000e+01  -4.2000000e+01  -3.0584380e-02
   2.0000000e+01   1.0000000e+01   1.0000000e+01   7.2819953e-03
   2.0100000e+01   1.9000000e+01   1.9000000e+01   1.3835791e-02
   2.0200000e+01   3.3000000e+01   3.3000000e+01   2.4030584e-02
   2.0300000e+01  -2.7000000e+01  -2.7000000e+01  -1.9661387e-02
   2.0400000e+01  -5.0000000e+00  -5.0000000e+00  -3.6409976e-03
   2.0500000e+01  -6.0000000e+00  -6.0000000e+00  -4.3691972e-03
   2.0600000e+01   1.3000000e+01   1.3000000e+01   9.4665938e-03
   2.0700000e+01  -1.1000000e+01  -1.1000000e+01  -8.0101948e-03
   2.0800000e+01  -6.0000000e+00  -6.0000000e+00  -4.3691972e-03
   2.0900000e+01  -4.0000000e+00  -4.0000000e+00  -2.9127981e-03
   2.1000000e+01  -8.0000000e+00  -8.0000000e+00  -5.8255962e-03
   2.1100000e+01  -1.4000000e+01  -1.4000000e+01  -1.0194793e-02
   2.1200000e+01   1.3000000e+01   1.3000000e+01   9.4665938e-03
   2.1300000e+01   8.0000000e+00   8.0000000e+00   5.8255962e-03
   2.1400000e+01  -2.4000000e+01  -2.4000000e+01  -1.7476789e-02
   2.1500000e+01  -1.8000000e+01  -1.8000000e+01  -1.3107591e-02
   2.1600000e+01  -5.0000000e+00  -5.0000000e+00  -3.6409976e-03
   2.1700000e+01   1.5000000e+01   1.5000000e+01   1.0922993e-02
   2.1800000e+01   3.0000000e+00   3.0000000e+00   2.1845986e-03
   2.1900000e+01   8.0000000e+00   8.0000000e+00   5.8255962e-03
   2.2000000e+01  -1.9000000e+01  -1.9000000e+01  -1.3835791e-02
   2.2100000e+01   1.7000000e+01   1.7000000e+01   1.2379392e-02
   2.2200000e+01  -4.0000000e+00  -4.0000000e+00  -2.9127981e-03
   2.2300000e+01  -1.0000000e+01  -1.0000000e+01  -7.2819953e-03
   2.2400000e+01   2.0000000e+00   2.0000000e+00   1.4563991e-03
   2.2500000e+01   0.0000000e+00   0.0000000e+00   0.0000000e+00
   2.2600000e+01  -2.8000000e+01  -2.8000000e+01  -2.0389587e-02
   2.2700000e+01  -9.0000000e+00  -9.0000000e+00  -6.5537957e-03
   2.2800000e+01  -6.0000000e+00  -6.0000000e+00  -4.3691972e-03
   2.2900000e+01  -9.0000000e+00  -9.0000000e+00  -6.5537957e-03
   2.3000000e+01   2.3000000e+01   2.3000000e+01   1.6748589e-02
   2.3100000e+01  -1.2000000e+01  -1.2000000e+01  -8.7383943e-03
   2.3200000e+01  -6.0000000e+00  -6.0000000e+00  -4.3691972e-03
   2.3300000e+01   3.2000000e+01   3.2000000e+01   2.3302385e-02
   2.3400000e+01   4.0000000e+00   4.0000000e+00   2.9127981e-03
   2.3500000e+01   1.4000000e+01   1.4000000e+01   1.0194793e-02
   2.3600000e+01  -1.5000000e+01  -1.5000000e+01  -1.0922993e-02
   2.3700000e+01  -2.0000000e+00  -2.0000000e+00  -1.4563991e-03
   2.3800000e+01   7.0000000e+00   7.0000000e+00   5.0973967e-03
   2.3900000e+01  -2.9000000e+01  -2.9000000e+01  -2.1117786e-02
   2.4000000e+01   0.0000000e+00   0.0000000e+00   0.0000000e+00
   2.4100000e+01  -1.8000000e+01  -1.8000000e+01  -1.3107591e-02
   2.4200000e+01   1.0000000e+00   1.0000000e+00   7.2819953e-04
   2.4300000e+01  -3.7000000e+01  -3.7000000e+01  -2.6943382e-02
   2.4400000e+01  -3.1000000e+01  -3.1000000e+01  -2.2574185e-02
   2.4500000e+01   1.7000000e+01   1.7000000e+01   1.2379392e-02
   2.4600000e+01   1.0000000e+01   1.0000000e+01   7.2819953e-03
   2.4700000e+01   2.0000000e+00   2.0000000e+00   1.4563991e-03
   2.4800000e+01  -7.0000000e+00  -7.0000000e+00  -5.0973967e-03
   2.4900000e+01   1.0000000e+00   1.0000000e+00   7.2819953e-04
   2.5000000e+01  -8.0000000e+00  -8.0000000e+00  -5.8255962e-03
   2.5100000e+01   1.0000000e+00   1.0000000e+00   7.2819953e-04
   2.5200000e+01  -9.0000000e+00  -9.0000000e+00  -6.5537957e-03
   2.5300000e+01   1.8000000e+01   1.8000000e+01   1.3107591e-02
   2.5400000e+01  -1.0000000e+01  -1.0000000e+01  -7.2819953e-03
   2.5500000e+01  -8.0000000e+00  -8.0000000e+00  -5.8255962e-03
   2.5600000e+01  -3.0000000e+00  -3.0000000e+00  -2.1845986e-03
   2.5700000e+01  -6.6000000e+01  -6.6000000e+01  -4.8061169e-02
   2.5800000e+01  -1.9000000e+01  -1.9000000e+01  -1.3835791e-02
   2.5900000e+01   0.0000000e+00   0.0000000e+00   0.0000000e+00
   2.6000000e+01  -4.0000000e+00  -4.0000000e+00  -2.9127981e-03
   2.6100000e+01   2.0000000e+00   2.0000000e+00   1.4563991e-03
   2.6200000e+01   1.3000000e+01   1.3000000e+01   9.4665938e-03
   2.6300000e+01   1.0000000e+01   1.0000000e+01   7.2819953e-03
   2.6400000e+01   2.9000000e+01   2.9000000e+01   2.1117786e-02
   2.6500000e+01  -1.9000000e+01  -1.9000000e+01  -1.3835791e-02
   2.6600000e+01   3.2000000e+01   3.2000000e+01   2.3302385e-02
   2.6700000e+01   6.0000000e+00   6.0000000e+00   4.3691972e-03
   2.6800000e+01   3.0000000e+00   3.0000000e+00   2.1845986e-03
   2.6900000e+01   1.8000000e+01   1.8000000e+01   1.3107591e-02
   2.7000000e+01   2.9000000e+01   2.9000000e+01   2.1117786e-02
   2.7100000e+01   8.0000000e+00   8.0000000e+00   5.8255962e-03
   2.7200000e+01   1.5000000e+01   1.5000000e+01   1.0922993e-02
   2.7300000e+01   4.0000000e+00   4.0000000e+00   2.9127981e-03
   2.7400000e+01  -1.5000000e+01  -1.5000000e+01  -1.0922993e-02
   2.7500000e+01   0.0000000e+00   0.0000000e+00   0.0000000e+00
   2.7600000e+01   2.1000000e+01   2.1000000e+01   1.5292190e-02
   2.7700000e+01   7.0000000e+00   7.0000000e+00   5.0973967e-03
   2.7800000e+01   4.0000000e+00   4.0000000e+00   2.9127981e-03
   2.7900000e+01   2.0000000e+01   2.0000000e+01   1.4563991e-02
   2.8000000e+01   2.8000000e+01   2.8000000e+01   2.0389587e-02
   2.8100000e+01   1.6000000e+01   1.6000000e+01   1.1651192e-02
   2.8200000e+01  -2.5000000e+01  -2.5000000e+01  -1.8204988e-02
   2.8300000e+01  -2.9000000e+01  -2.9000000e+01  -2.1117786e-02
   2.8400000e+01   1.2000000e+01   1.2000000e+01   8.7383943e-03
   2.8500000e+01  -1.5000000e+01  -1.5000000e+01  -1.0922993e-02
   2.8600000e+01  -6.0000000e+00  -6.0000000e+00  -4.3691972e-03
   2.8700000e+01   1.0000000e+01   1.0000000e+01   7.2819953e-03
   2.8800000e+01   1.6000000e+01   1.6000000e+01   1.1651192e-02
   2.8900000e+01  -7.0000000e+00  -7.0000000e+00  -5.0973967e-03
   2.9000000e+01  -1.6000000e+01  -1.6000000e+01  -1.1651192e-02
   2.9100000e+01  -1.0000000e+01  -1.0000000e+01  -7.2819953e-03
   2.9200000e+01  -5.0000000e+00  -5.0000000e+00  -3.6409976e-03
   2.9300000e+01   5.3000000e+01   5.3000000e+01   3.8594575e-02
   2.9400000e+01  -2.6000000e+01  -2.6000000e+01  -1.8933188e-02
   2.9500000e+01   3.0000000e+00   3.0000000e+00   2.1845986e-03
   2.9600000e+01  -8.0000000e+00  -8.0000000e+00  -5.8255962e-03
   2.9700000e+01  -1.1000000e+01  -1.1000000e+01  -8.0101948e-03
   2.9800000e+01   1.9000000e+01   1.9000000e+01   1.3835791e-02
   2.9900000e+01  -1.9000000e+01  -1.9000000e+01  -1.3835791e-02
   3.0000000e+01  -1.6000000e+01  -1.6000000e+01  -1.1651192e-02
   3.0100000e+01   1.1000000e+01   1.1000000e+01   8.0101948e-03
   3.0200000e+01  -1.0000000e+00  -1.0000000e+00  -7.2819953e-04
   3.0300000e+01   2.2000000e+01   2.2000000e+01   1.6020390e-02
   3.0400000e+01   0.0000000e+00   0.0000000e+00   0.0000000e+00
   3.0500000e+01  -1.0000000e+00  -1.0000000e+00  -7.2819953e-04
   3.0600000e+01  -7.0000000e+00  -7.0000000e+00  -5.0973967e-03
   3.0700000e+01  -2.5000000e+01  -2.5000000e+01  -1.8204988e-02
   3.0800000e+01   1.0000000e+00   1.0000000e+00   7.2819953e-04
   3.0900000e+01   1.5000000e+01   1.5000000e+01   1.0922993e-02
   3.1000000e+01   7.0000000e+00   7.0000000e+00   5.0973967e-03
   3.1100000e+01  -1.1000000e+01  -1.1000000e+01  -8.0101948e-03
   3.1200000e+01   6.0000000e+00   6.0000000e+00   4.3691972e-03
   3.1300000e+01   0.0000000e+00   0.0000000e+00   0.0000000e+00
   3.1400000e+01  -2.1000000e+01  -2.1000000e+01  -1.5292190e-02
   3.1500000e+01   9.0000000e+00   9.0000000e+00   6.5537957e-03
   3.1600000e+01   3.0000000e+00   3.0000000e+00   2.1845986e-03
   3.1700000e+01  -1.6000000e+01  -1.6000000e+01  -1.1651192e-02
   3.1800000e+01   3.0000000e+00   3.0000000e+00   2.1845986e-03
   3.1900000e+01   2.2000000e+01   2.2000000e+01   1.6020390e-02
   3.2000000e+01   2.8000000e+01   2.8000000e+01   2.0389587e-02
   3.2100000e+01  -2.8000000e+01  -2.8000000e+01  -2.0389587e-02
   3.2200000e+01  -2.4000000e+01  -2.4000000e+01  -1.7476789e-02
   3.2300000e+01   3.0000000e+01   3.0000000e+01   2.1845986e-02
   3.2400000e+01  -2.9000000e+01  -2.9000000e+01  -2.1117786e-02
   3.2500000e+01   1.6000000e+01   1.6000000e+01   1.1651192e-02
   3.2600000e+01  -3.2000000e+01  -3.2000000e+01  -2.3302385e-02
   3.2700000e+01   1.1000000e+01   1.1000000e+01   8.0101948e-03
   3.2800000e+01   1.2000000e+01   1.2000000e+01   8.7383943e-03
   3.2900000e+01  -5.0000000e+00  -5.0000000e+00  -3.6409976e-03
   3.3000000e+01  -2.7000000e+01  -2.7000000e+01  -1.9661387e-02
   3.3100000e+01   9.0000000e+00   9.0000000e+00   6.5537957e-03
   3.3200000e+01  -5.0000000e+00  -5.0000000e+00  -3.6409976e-03
   3.3300000e+01  -3.4000000e+01  -3.4000000e+01  -2.4758784e-02
   3.3400000e+01  -2.5000000e+01  -2.5000000e+01  -1.8204988e-02
   3.3500000e+01   0.0000000e+00   0.0000000e+00   0.0000000e+00
   3.3600000e+01  -8.0000000e+00  -8.0000000e+00  -5.8255962e-03
   3.3700000e+01  -7.0000000e+00  -7.0000000e+00  -5.0973967e-03
   3.3800000e+01  -1.3000000e+01  -1.3000000e+01  -9.4665938e-03
   3.3900000e+01  -2.0000000e+00  -2.0000000e+00  -1.4563991e-03
   3.4000000e+01  -5.0000000e+00  -5.0000000e+00  -3.6409976e-03
   3.4100000e+01   7.0000000e+00   7.0000000e+00   5.0973967e-03
   3.4200000e+01  -3.0000000e+00  -3.0000000e+00  -2.1845986e-03
   3.4300000e+01  -7.0000000e+00  -7.0000000e+00  -5.0973967e-03
   3.4400000e+01   1.5000000e+01   1.5000000e+01   1.0922993e-02
   3.4500000e+01  -1.7000000e+01  -1.7000000e+01  -1.2379392e-02
   3.4600000e+01  -6.0000000e+00  -6.0000000e+00  -4.3691972e-03
   3.4700000e+01   1.5000000e+01   1.5000000e+01   1.0922993e-02
   3.4800000e+01  -7.0000000e+00  -7.0000000e+00  -5.0973967e-03
   3.4900000e+01   1.0000000e+00   1.0000000e+00   7.2819953e-04
   3.5000000e+01   1.5000000e+01   1.5000000e+01   1.0922993e-02
   3.5100000e+01  -1.8000000e+01  -1.8000000e+01  -1.3107591e-02
   3.5200000e+01   1.6000000e+01   1.6000000e+01   1.1651192e-02
   3.5300000e+01   2.1000000e+01   2.1000000e+01   1.5292190e-02
   3.5400000e+01   1.4000000e+01   1.4000000e+01   1.0194793e-02
   3.5500000e+01   6.0000000e+00   6.0000000e+00   4.3691972e-03
   3.5600000e+01  -2.1000000e+01  -2.1000000e+01  -1.5292190e-02
   3.5700000e+01  -1.5000000e+01  -1.5000000e+01  -1.0922993e-02
   3.5800000e+01  -1.1000000e+01  -1.1000000e+01  -8.0101948e-03
   3.5900000e+01   9.0000000e+00   9.0000000e+00   6.5537957e-03
   3.6000000e+01  -9.0000000e+00  -9.0000000e+00  -6.5537957e-03
   3.6100000e+01  -3.0000000e+00  -3.0000000e+00  -2.1845986e-03
   3.6200000e+01   6.0000000e+00   6.0000000e+00   4.3691972e-03
   3.6300000e+01  -2.0000000e+00  -2.0000000e+00  -1.4563991e-03
   3.6400000e+01  -4.0000000e+00  -4.0000000e+00  -2.9127981e-03
   3.6500000e+01   2.6000000e+01   2.6000000e+01   1.8933188e-02
   3.6600000e+01   3.2000000e+01   3.2000000e+01   2.3302385e-02
   3.6700000e+01  -2.0000000e+00  -2.0000000e+00  -1.4563991e-03
   3.6800000e+01   1.0000000e+00   1.0000000e+00   7.2819953e-04
   3.6900000e+01   1.9000000e+01   1.9000000e+01   1.3835791e-02
   3.7000000e+01   8.0000000e+00   8.0000000e+00   5.8255962e-03
   3.7100000e+01  -2.0000000e+00  -2.0000000e+00  -1.4563991e-03
   3.7200000e+01   1.3000000e+01   1.3000000e+01   9.4665938e-03
   3.7300000e+01   4.0000000e+00   4.0000000e+00   2.9127981e-03
   3.7400000e+01   6.0000000e+00   6.0000000e+00   4.3691972e-03
   3.7500000e+01   1.3000000e+01   1.3000000e+01   9.4665938e-03
   3.7600000e+01  -2.2000000e+01  -2.2000000e+01  -1.6020390e-02
   3.7700000e+01  -6.0000000e+00  -6.0000000e+00  -4.3691972e-03
   3.7800000e+01  -2.1000000e+01  -2.1000000e+01  -1.5292190e-02
   3.7900000e+01   1.6000000e+01   1.6000000e+01   1.1651192e-02
   3.8000000e+01  -8.0000000e+00  -8.0000000e+00  -5.8255962e-03
   3.8100000e+01   9.0000000e+00   9.0000000e+00   6.5537957e-03
   3.8200000e+01   1.5000000e+01   1.5000000e+01   1.0922993e-02
   3.8300000e+01   0.0000000e+00   0.0000000e+00   0.0000000e+00
   3.8400000e+01  -3.0000000e+00  -3.0000000e+00  -2.1845986e-03
   3.8500000e+01   1.7000000e+01   1.7000000e+01   1.2379392e-02
   3.8600000e+01   1.9000000e+01   1.9000000e+01   1.3835791e-02
   3.8700000e+01   1.9000000e+01   1.9000000e+01   1.3835791e-02
   3.8800000e+01   3.4000000e+01   3.4000000e+01   2.4758784e-02
   3.8900000e+01  -2.0000000e+00  -2.0000000e+00  -1.4563991e-03
   3.9000000e+01   1.7000000e+01   1.7000000e+01   1.2379392e-02
   3.9100000e+01  -1.5000000e+01  -1.5000000e+01  -1.0922993e-02
   3.9200000e+01   1.5000000e+01   1.5000000e+01   1.0922993e-02
   3.9300000e+01   4.0000000e+00   4.0000000e+00   2.9127981e-03
   3.9400000e+01  -1.3000000e+01  -1.3000000e+01  -9.4665938e-03
   3.9500000e+01   1.0000000e+01   1.0000000e+01   7.2819953e-03
   3.9600000e+01  -1.3000000e+01  -1.3000000e+01  -9.4665938e-03
   3.9700000e+01   3.0000000e+00   3.0000000e+00   2.1845986e-03
   3.9800000e+01  -1.6000000e+01  -1.6000000e+01  -1.1651192e-02
   3.9900000e+01  -7.0000000e+00  -7.0000000e+00  -5.0973967e-03
   4.0000000e+01  -3.0000000e+00  -3.0000000e+00  -2.1845986e-03
   4.0100000e+01   2.2000000e+01   2.2000000e+01   1.6020390e-02
   4.0200000e+01  -1.2000000e+01  -1.2000000e+01  -8.7383943e-03
   4.0300000e+01   4.1000000e+01   4.1000000e+01   2.9856181e-02
   4.0400000e+01   5.0000000e+00   5.0000000e+00   3.6409976e-03
   4.0500000e+01  -7.0000000e+00  -7.0000000e+00  -5.0973967e-03
   4.0600000e+01   9.0000000e+00   9.0000000e+00   6.5537957e-03
   4.0700000e+01  -1.6000000e+01  -1.6000000e+01  -1.1651192e-02
   4.0800000e+01  -3.0000000e+00  -3.0000000e+00  -2.1845986e-03
   4.0900000e+01   1.0000000e+01   1.0000000e+01   7.2819953e-03
   4.1000000e+01   1.7000000e+01   1.7000000e+01   1.2379392e-02
   4.1100000e+01   2.4000000e+01   2.4000000e+01   1.7476789e-02
   4.1200000e+01   4.0000000e+00   4.0000000e+00   2.9127981e-03
   4.1300000e+01  -2.2000000e+01  -2.2000000e+01  -1.6020390e-02
   4.1400000e+01  -9.0000000e+00  -9.0000000e+00  -6.5537957e-03
   4.1500000e+01   1.2000000e+01   1.2000000e+01   8.7383943e-03
   4.1600000e+01  -7.0000000e+00  -7.0000000e+00  -5.0973967e-03
   4.1700000e+01   0.0000000e+00   0.0000000e+00   0.0000000e+00
   4.1800000e+01  -1.9000000e+01  -1.9000000e+01  -1.3835791e-02
   4.1900000e+01  -1.2000000e+01  -1.2000000e+01  -8.7383943e-03
   4.2000000e+01   7.0000000e+00   7.0000000e+00   5.0973967e-03
   4.2100000e+01   1.4000000e+01   1.4000000e+01   1.0194793e-02
   4.2200000e+01   1.4000000e+01   1.4000000e+01   1.0194793e-02
   4.2300000e+01  -9.0000000e+00  -9.0000000e+00  -6.5537957e-03
   4.2400000e+01   2.0000000e+00   2.0000000e+00   1.4563991e-03
   4.2500000e+01   4.0000000e+00   4.0000000e+00   2.9127981e-03
   4.2600000e+01   1.0000000e+01   1.0000000e+01   7.2819953e-03
   4.2700000e+01   1.6000000e+01   1.6000000e+01   1.1651192e-02
   4.2800000e+01   1.7000000e+01   1.7000000e+01   1.2379392e-02
   4.2900000e+01   1.5000000e+01   1.5000000e+01   1.0922993e-02
   4.3000000e+01   2.0000000e+00   2.0000000e+00   1.4563991e-03
   4.3100000e+01   1.6000000e+01   1.6000000e+01   1.1651192e-02
   4.3200000e+01   3.0000000e+00   3.0000000e+00   2.1845986e-03
   4.3300000e+01  -8.0000000e+00  -8.0000000e+00  -5.8255962e-03
   4.3400000e+01  -1.1000000e+01  -1.1000000e+01  -8.0101948e-03
   4.3500000e+01   7.0000000e+00   7.0000000e+00   5.0973967e-03
   4.3600000e+01   9.0000000e+00   9.0000000e+00   6.5537957e-03
   4.3700000e+01   4.2000000e+01   4.2000000e+01   3.0584380e-02
   4.3800000e+01  -3.0000000e+00  -3.0000000e+00  -2.1845986e-03
   4.3900000e+01  -2.0000000e+00  -2.0000000e+00  -1.4563991e-03
   4.4000000e+01   5.0000000e+00   5.0000000e+00   3.6409976e-03
   4.4100000e+01   1.0000000e+01   1.0000000e+01   7.2819953e-03
   4.4200000e+01   2.4000000e+01   2.4000000e+01   1.7476789e-02
   4.4300000e+01   2.0000000e+00   2.0000000e+00   1.4563991e-03
   4.4400000e+01  -2.0000000e+01  -2.0000000e+01  -1.4563991e-02
   4.4500000e+01   1.0000000e+00   1.0000000e+00   7.2819953e-04
   4.4600000e+01  -2.6000000e+01  -2.6000000e+01  -1.8933188e-02
   4.4700000e+01  -5.0000000e+00  -5.0000000e+00  -3.6409976e-03
   4.4800000e+01   4.3000000e+01   4.3000000e+01   3.1312580e-02
   4.4900000e+01   1.0000000e+01   1.0000000e+01   7.2819953e-03
   4.5000000e+01   1.7000000e+01   1.7000000e+01   1.2379392e-02
   4.5100000e+01  -1.1000000e+01  -1.1000000e+01  -8.0101948e-03
   4.5200000e+01   1.2000000e+01   1.2000000e+01   8.7383943e-03
   4.5300000e+01  -1.9000000e+01  -1.9000000e+01  -1.3835791e-02
   4.5400000e+01   2.1000000e+01   2.1000000e+01   1.5292190e-02
   4.5500000e+01  -9.0000000e+00  -9.0000000e+00  -6.5537957e-03
   4.5600000e+01  -5.2000000e+01  -5.2000000e+01  -3.7866375e-02
   4.5700000e+01  -5.0000000e+00  -5.0000000e+00  -3.6409976e-03
   4.5800000e+01  -2.4000000e+01  -2.4000000e+01  -1.7476789e-02
   4.5900000e+01  -6.0000000e+00  -6.0000000e+00  -4.3691972e-03
   4.6000000e+01   1.3000000e+01   1.3000000e+01   9.4665938e-03
   4.6100000e+01   1.2000000e+01   1.2000000e+01   8.7383943e-03
   4.6200000e+01   2.2000000e+01   2.2000000e+01   1.6020390e-02
   4.6300000e+01   2.9000000e+01   2.9000000e+01   2.1117786e-02
   4.6400000e+01   1.3000000e+01   1.3000000e+01   9.4665938e-03
   4.6500000e+01  -1.6000000e+01  -1.6000000e+01  -1.1651192e-02
   4.6600000e+01   6.0000000e+00   6.0000000e+00   4.3691972e-03
   4.6700000e+01   2.0000000e+01   2.0000000e+01   1.4563991e-02
   4.6800000e+01   9.0000000e+00   9.0000000e+00   6.5537957e-03
   4.6900000e+01  -2.0000000e+01  -2.0000000e+01  -1.4563991e-02
   4.7000000e+01   5.0000000e+00   5.0000000e+00   3.6409976e-03
   4.7100000e+01   1.0000000e+00   1.0000000e+00   7.2819953e-04
   4.7200000e+01   1.7000000e+01   1.7000000e+01   1.2379392e-02
   4.7300000e+01   8.0000000e+00   8.0000000e+00   5.8255962e-03
   4.7400000e+01   1.0000000e+00   1.0000000e+00   7.2819953e-04
   4.7500000e+01   1.5000000e+01   1.5000000e+01   1.0922993e-02
   4.7600000e+01  -1.0000000e+00  -1.0000000e+00  -7.2819953e-04
   4.7700000e+01  -1.7000000e+01  -1.7000000e+01  -1.2379392e-02
   4.7800000e+01  -1.0000000e+00  -1.0000000e+00  -7.2819953e-04
   4.7900000e+01   2.0000000e+00   2.0000000e+00   1.4563991e-03
   4.8000000e+01  -1.0000000e+00  -1.0000000e+00  -7.2819953e-04
   4.8100000e+01   1.1000000e+01   1.1000000e+01   8.0101948e-03
   4.8200000e+01  -4.0000000e+00  -4.0000000e+00  -2.9127981e-03
   4.8300000e+01   1.7000000e+01   1.7000000e+01   1.2379392e-02
   4.8400000e+01  -9.0000000e+00  -9.0000000e+00  -6.5537957e-03
   4.8500000e+01  -2.3000000e+01  -2.3000000e+01  -1.6748589e-02
   4.8600000e+01  -1.5000000e+01  -1.5000000e+01  -1.0922993e-02
   4.8700000e+01   2.1000000e+01   2.1000000e+01   1.5292190e-02
   4.8800000e+01   1.4000000e+01   1.4000000e+01   1.0194793e-02
   4.8900000e+01   8.0000000e+00   8.0000000e+00   5.8255962e-03
   4.9000000e+01   3.0000000e+00   3.0000000e+00   2.1845986e-03
   4.9100000e+01  -5.0000000e+00  -5.0000000e+00  -3.6409976e-03
   4.9200000e+01   8.0000000e+00   8.0000000e+00   5.8255962e-03
   4.9300000e+01   9.0000000e+00   9.0000000e+00   6.5537957e-03
   4.9400000e+01  -1.2000000e+01  -1.2000000e+01  -8.7383943e-03
   4.9500000e+01  -1.1000000e+01  -1.1000000e+01  -8.0101948e-03
   4.9600000e+01   8.0000000e+00   8.0000000e+00   5.8255962e-03
   4.9700000e+01   1.1000000e+01   1.1000000e+01   8.0101948e-03
   4.9800000e+01  -4.0000000e+01  -4.0000000e+01  -2.9127981e-02
   4.9900000e+01   1.0000000e+00   1.0000000e+00   7.2819953e-04
   5.0000000e+01  -1.6000000e+01  -1.6000000e+01  -1.1651192e-02
   5.0100000e+01   1.0000000e+01   1.0000000e+01   7.2819953e-03
   5.0200000e+01   4.2000000e+01   4.2000000e+01   3.0584380e-02
   5.0300000e+01  -1.4000000e+01  -1.4000000e+01  -1.0194793e-02
   5.0400000e+01   9.0000000e+00   9.0000000e+00   6.5537957e-03
   5.0500000e+01   5.0000000e+00   5.0000000e+00   3.6409976e-03
   5.0600000e+01  -3.7000000e+01  -3.7000000e+01  -2.6943382e-02
   5.0700000e+01   1.7000000e+01   1.7000000e+01   1.2379392e-02
   5.0800000e+01   1.0000000e+00   1.0000000e+00   7.2819953e-04
   5.0900000e+01  -1.4000000e+01  -1.4000000e+01  -1.0194793e-02
   5.1000000e+01  -8.0000000e+00  -8.0000000e+00  -5.8255962e-03
   5.1100000e+01   3.4000000e+01   3.4000000e+01   2.4758784e-02
   5.1200000e+01   2.2000000e+01   2.2000000e+01   1.6020390e-02
   5.1300000e+01  -3.1000000e+01  -3.1000000e+01  -2.2574185e-02
   5.1400000e+01   2.6000000e+01   2.6000000e+01   1.8933188e-02
   5.1500000e+01  -2.0000000e+00  -2.0000000e+00  -1.4563991e-03
   5.1600000e+01  -5.0000000e+00  -5.0000000e+00  -3.6409976e-03
   5.1700000e+01   3.0000000e+00   3.0000000e+00   2.1845986e-03
   5.1800000e+01  -9.0000000e+00  -9.0000000e+00  -6.5537957e-03
   5.1900000e+01  -1.8000000e+01  -1.8000000e+01  -1.3107591e-02
   5.2000000e+01   1.3000000e+01   1.3000000e+01   9.4665938e-03
   5.2100000e+01  -9.0000000e+00  -9.0000000e+00  -6.5537957e-03
   5.2200000e+01   3.0000000e+01   3.0000000e+01   2.1845986e-02
   5.2300000e+01  -6.0000000e+00  -6.0000000e+00  -4.3691972e-03
   5.2400000e+01   3.0000000e+00   3.0000000e+00   2.1845986e-03
   5.2500000e+01  -1.5000000e+01  -1.5000000e+01  -1.0922993e-02
   5.2600000e+01  -2.3000000e+01  -2.3000000e+01  -1.6748589e-02
   5.2700000e+01  -1.8000000e+01  -1.8000000e+01  -1.3107591e-02
   5.2800000e+01   2.4000000e+01   2.4000000e+01   1.7476789e-02
   5.2900000e+01  -1.1000000e+01  -1.1000000e+01  -8.0101948e-03
   5.3000000e+01  -1.5000000e+01  -1.5000000e+01  -1.0922993e-02
   5.3100000e+01   2.0000000e+00   2.0000000e+00   1.4563991e-03
   5.3200000e+01  -3.8000000e+01  -3.8000000e+01  -2.7671582e-02
   5.3300000e+01   2.3000000e+01   2.3000000e+01   1.6748589e-02
   5.3400000e+01   2.3000000e+01   2.3000000e+01   1.6748589e-02
   5.3500000e+01  -3.1000000e+01  -3.1000000e+01  -2.2574185e-02
   5.3600000e+01  -1.0000000e+00  -1.0000000e+00  -7.2819953e-04
   5.3700000e+01  -1.2000000e+01  -1.2000000e+01  -8.7383943e-03
   5.3800000e+01   3.0000000e+00   3.0000000e+00   2.1845986e-03
   5.3900000e+01   3.0000000e+00   3.0000000e+00   2.1845986e-03
   5.4000000e+01   6.0000000e+00   6.0000000e+00   4.3691972e-03
   5.4100000e+01  -2.9000000e+01  -2.9000000e+01  -2.1117786e-02
   5.4200000e+01  -3.1000000e+01  -3.1000000e+01  -2.2574185e-02
   5.4300000e+01   0.0000000e+00   0.0000000e+00   0.0000000e+00
   5.4400000e+01  -1.9000000e+01  -1.9000000e+01  -1.3835791e-02
   5.4500000e+01   1.2000000e+01   1.2000000e+01   8.7383943e-03
   5.4600000e+01   7.0000000e+00   7.0000000e+00   5.0973967e-03
   5.4700000e+01  -5.0000000e+00  -5.0000000e+00  -3.6409976e-03
   5.4800000e+01   2.2000000e+01   2.2000000e+01   1.6020390e-02
   5.4900000e+01   7.0000000e+00   7.0000000e+00   5.0973967e-03
   5.5000000e+01  -9.0000000e+00  -9.0000000e+00  -6.5537957e-03
   5.5100000e+01  -1.4000000e+01  -1.4000000e+01  -1.0194793e-02
   5.5200000e+01   2.0000000e+00   2.0000000e+00   1.4563991e-03
   5.5300000e+01   4.0000000e+00   4.0000000e+00   2.9127981e-03
   5.5400000e+01   0.0000000e+00   0.0000000e+00   0.0000000e+00
   5.5500000e+01   1.4000000e+01   1.4000000e+01   1.0194793e-02
   5.5600000e+01  -1.7000000e+01  -1.7000000e+01  -1.2379392e-02
   5.5700000e+01   1.0000000e+00   1.0000000e+00   7.2819953e-04
   5.5800000e+01  -4.1000000e+01  -4.1000000e+01  -2.9856181e-02
   5.5900000e+01  -2.8000000e+01  -2.8000000e+01  -2.0389587e-02
   5.6000000e+01   0.0000000e+00   0.0000000e+00   0.0000000e+00
   5.6100000e+01  -5.1000000e+01  -5.1000000e+01  -3.7138176e-02
   5.6200000e+01  -1.3000000e+01  -1.3000000e+01  -9.4665938e-03
   5.6300000e+01   2.3000000e+01   2.3000000e+01   1.6748589e-02
   5.6400000e+01  -1.6000000e+01  -1.6000000e+01  -1.1651192e-02
   5.6500000e+01  -7.0000000e+00  -7.0000000e+00  -5.0973967e-03
   5.6600000e+01  -2.0000000e+00  -2.0000000e+00  -1.4563991e-03
   5.6700000e+01  -7.0000000e+00  -7.0000000e+00  -5.0973967e-03
   5.6800000e+01  -1.0000000e+01  -1.0000000e+01  -7.2819953e-03
   5.6900000e+01  -2.6000000e+01  -2.6000000e+01  -1.8933188e-02
   5.7000000e+01   2.3000000e+01   2.3000000e+01   1.6748589e-02
   5.7100000e+01  -1.6000000e+01  -1.6000000e+01  -1.1651192e-02
   5.7200000e+01  -6.0000000e+00  -6.0000000e+00  -4.3691972e-03
   5.7300000e+01   6.0000000e+00   6.0000000e+00   4.3691972e-03
   5.7400000e+01   1.0000000e+00   1.0000000e+00   7.2819953e-04
   5.7500000e+01   3.2000000e+01   3.2000000e+01   2.3302385e-02
   5.7600000e+01  -1.0000000e+01  -1.0000000e+01  -7.2819953e-03
   5.7700000e+01  -6.0000000e+00  -6.0000000e+00  -4.3691972e-03
   5.7800000e+01  -1.8000000e+01  -1.8000000e+01  -1.3107591e-02
   5.7900000e+01   9.0000000e+00   9.0000000e+00   6.5537957e-03
   5.8000000e+01  -1.6000000e+01  -1.6000000e+01  -1.1651192e-02
   5.8100000e+01  -1.4000000e+01  -1.4000000e+01  -1.0194793e-02
   5.8200000e+01   6.0000000e+00   6.0000000e+00   4.3691972e-03
   5.8300000e+01   0.0000000e+00   0.0000000e+00   0.0000000e+00
   5.8400000e+01   1.4000000e+01   1.4000000e+01   1.0194793e-02
   5.8500000e+01   1.0000000e+01   1.0000000e+01   7.2819953e-03
   5.8600000e+01   5.0000000e+00   5.0000000e+00   3.6409976e-03
   5.8700000e+01   2.4000000e+01   2.4000000e+01   1.7476789e-02
   5.8800000e+01   1.0000000e+01   1.0000000e+01   7.2819953e-03
   5.8900000e+01   1.6000000e+01   1.6000000e+01   1.1651192e-02
   5.9000000e+01  -3.0000000e+00  -3.0000000e+00  -2.1845986e-03
   5.9100000e+01   9.0000000e+00   9.0000000e+00   6.5537957e-03
   5.9200000e+01  -3.0000000e+00  -3.0000000e+00  -2.1845986e-03
   5.9300000e+01   4.8000000e+01   4.8000000e+01   3.4953577e-02
   5.9400000e+01   2.3000000e+01   2.3000000e+01   1.6748589e-02
   5.9500000e+01   8.0000000e+00   8.0000000e+00   5.8255962e-03
   5.9600000e+01  -1.6000000e+01  -1.6000000e+01  -1.1651192e-02
   5.9700000e+01  -2.4000000e+01  -2.4000000e+01  -1.7476789e-02
   5.9800000e+01   1.1000000e+01   1.1000000e+01   8.0101948e-03
   5.9900000e+01   1.4000000e+01   1.4000000e+01   1.0194793e-02
   6.0000000e+01   9.0000000e+00   9.0000000e+00   6.5537957e-03
   6.0100000e+01   0.0000000e+00   0.0000000e+00   0.0000000e+00
   6.0200000e+01   1.0000000e+00   1.0000000e+00   7.2819953e-04
   6.0300000e+01   5.0000000e+00   5.0000000e+00   3.6409976e-03
   6.0400000e+01  -4.0000000e+00  -4.0000000e+00  -2.9127981e-03
   6.0500000e+01  -1.0000000e+01  -1.0000000e+01  -7.2819953e-03
   6.0600000e+01  -2.1000000e+01  -2.1000000e+01  -1.5292190e-02
   6.0700000e+01   2.9000000e+01   2.9000000e+01   2.1117786e-02
   6.0800000e+01   0.0000000e+00   0.0000000e+00   0.0000000e+00
   6.0900000e+01  -1.3000000e+01  -1.3000000e+01  -9.4665938e-03
   6.1000000e+01  -9.0000000e+00  -9.0000000e+00  -6.5537957e-03
   6.1100000e+01   2.0000000e+01   2.0000000e+01   1.4563991e-02
   6.1200000e+01  -1.0000000e+00  -1.0000000e+00  -7.2819953e-04
   6.1300000e+01  -1.9000000e+01  -1.9000000e+01  -1.3835791e-02
   6.1400000e+01   2.1000000e+01   2.1000000e+01   1.5292190e-02
   6.1500000e+01   1.7000000e+01   1.7000000e+01   1.2379392e-02
   6.1600000e+01   1.7000000e+01   1.7000000e+01   1.2379392e-02
   6.1700000e+01   5.0000000e+00   5.0000000e+00   3.6409976e-03
   6.1800000e+01   6.0000000e+00   6.0000000e+00   4.3691972e-03
   6.1900000e+01  -2.8000000e+01  -2.8000000e+01  -2.0389587e-02
   6.2000000e+01  -1.9000000e+01  -1.9000000e+01  -1.3835791e-02
   6.2100000e+01  -7.0000000e+00  -7.0000000e+00  -5.0973967e-03
   6.2200000e+01  -6.0000000e+00  -6.0000000e+00  -4.3691972e-03
   6.2300000e+01  -3.0000000e+00  -3.0000000e+00  -2.1845986e-03
   6.2400000e+01   5.0000000e+00   5.0000000e+00   3.6409976e-03
   6.2500000e+01  -1.5000000e+01  -1.5000000e+01  -1.0922993e-02
   6.2600000e+01   2.3000000e+01   2.3000000e+01   1.6748589e-02
   6.2700000e+01   7.0000000e+00   7.0000000e+00   5.0973967e-03
   6.2800000e+01  -3.0000000e+00  -3.0000000e+00  -2.1845986e-03
   6.2900000e+01  -5.0000000e+00  -5.0000000e+00  -3.6409976e-03
   6.3000000e+01  -1.0000000e+00  -1.0000000e+00  -7.2819953e-04
   6.3100000e+01  -6.0000000e+00  -6.0000000e+00  -4.3691972e-03
   6.3200000e+01   3.0000000e+00   3.0000000e+00   2.1845986e-03
   6.3300000e+01   9.0000000e+00   9.0000000e+00   6.5537957e-03
   6.3400000e+01   1.6000000e+01   1.6000000e+01   1.1651192e-02
   6.3500000e+01   0.0000000e+00   0.0000000e+00   0.0000000e+00
   6.3600000e+01   1.6000000e+01   1.6000000e+01   1.1651192e-02
   6.3700000e+01  -7.0000000e+00  -7.0000000e+00  -5.0973967e-03
   6.3800000e+01   1.0000000e+01   1.0000000e+01   7.2819953e-03
   6.3900000e+01   5.0000000e+00   5.0000000e+00   3.6409976e-03
   6.4000000e+01  -1.0000000e+00  -1.0000000e+00  -7.2819953e-04
   6.4100000e+01   2.0000000e+01   2.0000000e+01   1.4563991e-02
   6.4200000e+01   2.7000000e+01   2.7000000e+01   1.9661387e-02
   6.4300000e+01   2.4000000e+01   2.4000000e+01   1.7476789e-02
   6.4400000e+01  -1.7000000e+01  -1.7000000e+01  -1.2379392e-02
   6.4500000e+01  -4.1000000e+01  -4.1000000e+01  -2.9856181e-02
   6.4600000e+01  -2.0000000e+00  -2.0000000e+00  -1.4563991e-03
   6.4700000e+01   3.1000000e+01   3.1000000e+01   2.2574185e-02
   6.4800000e+01  -1.3000000e+01  -1.3000000e+01  -9.4665938e-03
   6.4900000e+01   6.0000000e+00   6.0000000e+00   4.3691972e-03
   6.5000000e+01  -9.0000000e+00  -9.0000000e+00  -6.5537957e-03
   6.5100000e+01   2.0000000e+00   2.0000000e+00   1.4563991e-03
   6.5200000e+01   2.6000000e+01   2.6000000e+01   1.8933188e-02
   6.5300000e+01   0.0000000e+00   0.0000000e+00   0.0000000e+00
   6.5400000e+01  -3.0000000e+00  -3.0000000e+00  -2.1845986e-03
   6.5500000e+01  -3.0000000e+00  -3.0000000e+00  -2.1845986e-03
   6.5600000e+01  -8.0000000e+00  -8.0000000e+00  -5.8255962e-03
   6.5700000e+01  -2.0000000e+00  -2.0000000e+00  -1.4563991e-03
   6.5800000e+01   5.0000000e+00   5.0000000e+00   3.6409976e-03
   6.5900000e+01   1.0000000e+01   1.0000000e+01   7.2819953e-03
   6.6000000e+01  -2.2000000e+01  -2.2000000e+01  -1.6020390e-02
   6.6100000e+01  -4.0000000e+00  -4.0000000e+00  -2.9127981e-03
   6.6200000e+01  -1.1000000e+01  -1.1000000e+01  -8.0101948e-03
   6.6300000e+01   1.0000000e+01   1.0000000e+01   7.2819953e-03
   6.6400000e+01   5.0000000e+00   5.0000000e+00   3.6409976e-03
   6.6500000e+01   8.0000000e+00   8.0000000e+00   5.8255962e-03
   6.6600000e+01   2.0000000e+01   2.0000000e+01   1.4563991e-02
   6.6700000e+01   8.0000000e+00   8.0000000e+00   5.8255962e-03
   6.6800000e+01  -7.0000000e+00  -7.0000000e+00  -5.0973967e-03
   6.6900000e+01   1.9000000e+01   1.9000000e+01   1.3835791e-02
   6.7000000e+01  -2.6000000e+01  -2.6000000e+01  -1.8933188e-02
   6.7100000e+01   6.0000000e+00   6.0000000e+00   4.3691972e-03
   6.7200000e+01  -2.1000000e+01  -2.1000000e+01  -1.5292190e-02
   6.7300000e+01   6.0000000e+00   6.0000000e+00   4.3691972e-03
   6.7400000e+01  -1.0000000e+01  -1.0000000e+01  -7.2819953e-03
   6.7500000e+01   8.0000000e+00   8.0000000e+00   5.8255962e-03
   6.7600000e+01  -8.0000000e+00  -8.0000000e+00  -5.8255962e-03
   6.7700000e+01  -1.8000000e+01  -1.8000000e+01  -1.3107591e-02
   6.7800000e+01   2.2000000e+01   2.2000000e+01   1.6020390e-02
   6.7900000e+01   2.2000000e+01   2.2000000e+01   1.6020390e-02
   6.8000000e+01   2.0000000e+00   2.0000000e+00   1.4563991e-03
   6.8100000e+01   1.0000000e+00   1.0000000e+00   7.2819953e-04
   6.8200000e+01   9.0000000e+00   9.0000000e+00   6.5537957e-03
   6.8300000e+01  -9.0000000e+00  -9.0000000e+00  -6.5537957e-03
   6.8400000e+01  -6.0000000e+00  -6.0000000e+00  -4.3691972e-03
   6.8500000e+01  -4.0000000e+00  -4.0000000e+00  -2.9127981e-03
   6.8600000e+01   5.0000000e+00   5.0000000e+00   3.6409976e-03
   6.8700000e+01   2.7000000e+01   2.7000000e+01   1.9661387e-02
   6.8800000e+01   1.0000000e+00   1.0000000e+00   7.2819953e-04
   6.8900000e+01   1.9000000e+01   1.9000000e+01   1.3835791e-02
   6.9000000e+01   2.0000000e+00   2.0000000e+00   1.4563991e-03
   6.9100000e+01   0.0000000e+00   0.0000000e+00   0.0000000e+00
   6.9200000e+01   2.1000000e+01   2.1000000e+01   1.5292190e-02
   6.9300000e+01  -8.0000000e+00  -8.0000000e+00  -5.8255962e-03
   6.9400000e+01  -2.3000000e+01  -2.3000000e+01  -1.6748589e-02
   6.9500000e+01   1.8000000e+01   1.8000000e+01   1.3107591e-02
   6.9600000e+01   0.0000000e+00   0.0000000e+00   0.0000000e+00
   6.9700000e+01  -7.0000000e+00  -7.0000000e+00  -5.0973967e-03
   6.9800000e+01  -5.0000000e+00  -5.0000000e+00  -3.6409976e-03
   6.9900000e+01   2.7000000e+01   2.7000000e+01   1.9661387e-02
   7.0000000e+01  -3.9000000e+01  -3.9000000e+01  -2.8399782e-02
   7.0100000e+01  -2.6000000e+01  -2.6000000e+01  -1.8933188e-02
   7.0200000e+01  -1.0000000e+01  -1.0000000e+01  -7.2819953e-03
   7.0300000e+01   2.1000000e+01   2.1000000e+01   1.5292190e-02
   7.0400000e+01   9.0000000e+00   9.0000000e+00   6.5537957e-03
   7.0500000e+01  -1.3000000e+01  -1.3000000e+01  -9.4665938e-03
   7.0600000e+01  -1.8000000e+01  -1.8000000e+01  -1.3107591e-02
   7.0700000e+01  -1.0000000e+00  -1.0000000e+00  -7.2819953e-04
   7.0800000e+01   2.5000000e+01   2.5000000e+01   1.8204988e-02
   7.0900000e+01  -5.0000000e+00  -5.0000000e+00  -3.6409976e-03
   7.1000000e+01   1.2000000e+01   1.2000000e+01   8.7383943e-03
   7.1100000e+01   2.0000000e+01   2.0000000e+01   1.4563991e-02
   7.1200000e+01   2.6000000e+01   2.6000000e+01   1.8933188e-02
   7.1300000e+01   4.9000000e+01   4.9000000e+01   3.5681777e-02
   7.1400000e+01   1.5000000e+01   1.5000000e+01   1.0922993e-02
   7.1500000e+01  -2.3000000e+01  -2.3000000e+01  -1.6748589e-02
   7.1600000e+01  -1.2000000e+01  -1.2000000e+01  -8.7383943e-03
   7.1700000e+01   3.8000000e+01   3.8000000e+01   2.7671582e-02
   7.1800000e+01  -8.0000000e+00  -8.0000000e+00  -5.8255962e-03
   7.1900000e+01  -6.0000000e+00  -6.0000000e+00  -4.3691972e-03
   7.2000000e+01   2.3000000e+01   2.3000000e+01   1.6748589e-02
   7.2100000e+01  -1.5000000e+01  -1.5000000e+01  -1.0922993e-02
   7.2200000e+01   2.8000000e+01   2.8000000e+01   2.0389587e-02
   7.2300000e+01  -4.0000000e+00  -4.0000000e+00  -2.9127981e-03
   7.2400000e+01   2.5000000e+01   2.5000000e+01   1.8204988e-02
   7.2500000e+01  -9.0000000e+00  -9.0000000e+00  -6.5537957e-03
   7.2600000e+01  -1.8000000e+01  -1.8000000e+01  -1.3107591e-02
   7.2700000e+01  -1.7000000e+01  -1.7000000e+01  -1.2379392e-02
   7.2800000e+01  -1.7000000e+01  -1.7000000e+01  -1.2379392e-02
   7.2900000e+01  -3.0000000e+00  -3.0000000e+00  -2.1845986e-03
   7.3000000e+01  -1.9000000e+01  -1.9000000e+01  -1.3835791e-02
   7.3100000e+01   4.0000000e+00   4.0000000e+00   2.9127981e-03
   7.3200000e+01   2.7000000e+01   2.7000000e+01   1.9661387e-02
   7.3300000e+01  -5.0000000e+00  -5.0000000e+00  -3.6409976e-03
   7.3400000e+01  -2.7000000e+01  -2.7000000e+01  -1.9661387e-02
   7.3500000e+01   3.2000000e+01   3.2000000e+01   2.3302385e-02
   7.3600000e+01  -3.9000000e+01  -3.9000000e+01  -2.8399782e-02
   7.3700000e+01   6.0000000e+00   6.0000000e+00   4.3691972e-03
   7.3800000e+01   1.0000000e+00   1.0000000e+00   7.2819953e-04
   7.3900000e+01  -2.0000000e+00  -2.0000000e+00  -1.4563991e-03
   7.4000000e+01  -1.7000000e+01  -1.7000000e+01  -1.2379392e-02
   7.4100000e+01   6.0000000e+00   6.0000000e+00   4.3691972e-03
   7.4200000e+01   1.1000000e+01   1.1000000e+01   8.0101948e-03
   7.4300000e+01   7.0000000e+00   7.0000000e+00   5.0973967e-03
   7.4400000e+01  -3.1000000e+01  -3.1000000e+01  -2.2574185e-02
   7.4500000e+01   3.0000000e+00   3.0000000e+00   2.1845986e-03
   7.4600000e+01  -4.0000000e+01  -4.0000000e+01  -2.9127981e-02
   7.4700000e+01   1.1000000e+01   1.1000000e+01   8.0101948e-03
   7.4800000e+01  -1.0000000e+01  -1.0000000e+01  -7.2819953e-03
   7.4900000e+01   1.0000000e+00   1.0000000e+00   7.2819953e-04
   7.5000000e+01  -1.9000000e+01  -1.9000000e+01  -1.3835791e-02
   7.5100000e+01  -2.0000000e+00  -2.0000000e+00  -1.4563991e-03
   7.5200000e+01  -3.1000000e+01  -3.1000000e+01  -2.2574185e-02
   7.5300000e+01  -1.5000000e+01  -1.5000000e+01  -1.0922993e-02
   7.5400000e+01  -3.0000000e+00  -3.0000000e+00  -2.1845986e-03
   7.5500000e+01  -3.0000000e+00  -3.0000000e+00  -2.1845986e-03
   7.5600000e+01   4.0000000e+00   4.0000000e+00   2.9127981e-03
   7.5700000e+01  -2.4000000e+01  -2.4000000e+01  -1.7476789e-02
   7.5800000e+01   1.9000000e+01   1.9000000e+01   1.3835791e-02
   7.5900000e+01  -1.9000000e+01  -1.9000000e+01  -1.3835791e-02
   7.6000000e+01  -2.0000000e+00  -2.0000000e+00  -1.4563991e-03
   7.6100000e+01  -1.9000000e+01  -1.9000000e+01  -1.3835791e-02
   7.6200000e+01  -9.0000000e+00  -9.0000000e+00  -6.5537957e-03
   7.6300000e+01   2.2000000e+01   2.2000000e+01   1.6020390e-02
   7.6400000e+01  -7.0000000e+00  -7.0000000e+00  -5.0973967e-03
   7.6500000e+01   1.0000000e+01   1.0000000e+01   7.2819953e-03
   7.6600000e+01   4.0000000e+00   4.0000000e+00   2.9127981e-03
   7.6700000e+01  -1.6000000e+01  -1.6000000e+01  -1.1651192e-02
   7.6800000e+01   1.8000000e+01   1.8000000e+01   1.3107591e-02
   7.6900000e+01  -2.0000000e+00  -2.0000000e+00  -1.4563991e-03
   7.7000000e+01  -7.0000000e+00  -7.0000000e+00  -5.0973967e-03
   7.7100000e+01  -4.4000000e+01  -4.4000000e+01  -3.2040779e-02
   7.7200000e+01  -2.7000000e+01  -2.7000000e+01  -1.9661387e-02
   7.7300000e+01  -1.5000000e+01  -1.5000000e+01  -1.0922993e-02
   7.7400000e+01   1.0000000e+00   1.0000000e+00   7.2819953e-04
   7.7500000e+01   1.0000000e+01   1.0000000e+01   7.2819953e-03
   7.7600000e+01  -5.0000000e+00  -5.0000000e+00  -3.6409976e-03
   7.7700000e+01  -1.0000000e+00  -1.0000000e+00  -7.2819953e-04
   7.7800000e+01   9.0000000e+00   9.0000000e+00   6.5537957e-03
   7.7900000e+01   3.3000000e+01   3.3000000e+01   2.4030584e-02
   7.8000000e+01  -1.2000000e+01  -1.2000000e+01  -8.7383943e-03
   7.8100000e+01   3.0000000e+00   3.0000000e+00   2.1845986e-03
