   0.0000000e+00   8.1300000e+02   8.1300000e+02   9.6241492e-01
   1.0000000e-01   8.3000000e+02   8.3000000e+02   9.8253921e-01
   2.0000000e-01   8.8200000e+02   8.8200000e+02   1.0440959e+00
   3.0000000e-01   9.0100000e+02   9.0100000e+02   1.0665877e+00
   4.0000000e-01   7.6600000e+02   7.6600000e+02   9.0677715e-01
   5.0000000e-01   6.4400000e+02   6.4400000e+02   7.6235573e-01
   6.0000000e-01   6.9200000e+02   6.9200000e+02   8.1917727e-01
   7.0000000e-01   6.4000000e+02   6.4000000e+02   7.5762060e-01
   8.0000000e-01   6.7500000e+02   6.7500000e+02   7.9905297e-01
   9.0000000e-01   6.9900000e+02   6.9900000e+02   8.2746375e-01
   1.0000000e+00   6.6000000e+02   6.6000000e+02   7.8129624e-01
   1.1000000e+00   6.6200000e+02   6.6200000e+02   7.8366381e-01
   1.2000000e+00   6.9000000e+02   6.9000000e+02   8.1680971e-01
   1.3000000e+00   7.1700000e+02   7.1700000e+02   8.4877183e-01
   1.4000000e+00   6.6800000e+02   6.6800000e+02   7.9076650e-01
   1.5000000e+00   6.1400000e+02   6.1400000e+02   7.2684226e-01
   1.6000000e+00   6.6400000e+02   6.6400000e+02   7.8603137e-01
   1.7000000e+00   7.3800000e+02   7.3800000e+02   8.7363125e-01
   1.8000000e+00   6.2700000e+02   6.2700000e+02   7.4223143e-01
   1.9000000e+00   6.9100000e+02   6.9100000e+02   8.1799349e-01
   2.0000000e+00   6.3200000e+02   6.3200000e+02   7.4815034e-01
   2.1000000e+00   6.6500000e+02   6.6500000e+02   7.8721515e-01
   2.2000000e+00   6.7000000e+02   6.7000000e+02   7.9313406e-01
   2.3000000e+00   6.7100000e+02   6.7100000e+02   7.9431785e-01
   2.4000000e+00   7.0800000e+02   7.0800000e+02   8.3811779e-01
   2.5000000e+00   6.0100000e+02   6.0100000e+02   7.1145309e-01
   2.6000000e+00   6.1700000e+02   6.1700000e+02   7.3039361e-01
   2.7000000e+00   6.4800000e+02   6.4800000e+02   7.6709086e-01
   2.8000000e+00   6.8000000e+02   6.8000000e+02   8.0497189e-01
   2.9000000e+00   6.4900000e+02   6.4900000e+02   7.6827464e-01
   3.0000000e+00   6.6600000e+02   6.6600000e+02   7.8839893e-01
   3.1000000e+00   6.4000000e+02   6.4000000e+02   7.5762060e-01
   3.2000000e+00   7.1700000e+02   7.1700000e+02   8.4877183e-01
   3.3000000e+00   6.4100000e+02   6.4100000e+02   7.5880438e-01
   3.4000000e+00   6.8400000e+02   6.8400000e+02   8.0970701e-01
   3.5000000e+00   7.2500000e+02   7.2500000e+02   8.5824208e-01
   3.6000000e+00   6.6400000e+02   6.6400000e+02   7.8603137e-01
   3.7000000e+00   6.4900000e+02   6.4900000e+02   7.6827464e-01
   3.8000000e+00   5.3600000e+02   5.3600000e+02   6.3450725e-01
   3.9000000e+00   5.1100000e+02   5.1100000e+02   6.0491270e-01
   4.0000000e+00   5.5200000e+02   5.5200000e+02   6.5344777e-01
   4.1000000e+00   5.0000000e+02   5.0000000e+02   5.9189109e-01
   4.2000000e+00   5.4300000e+02   5.4300000e+02   6.4279373e-01
   4.3000000e+00   4.9600000e+02   4.9600000e+02   5.8715596e-01
   4.4000000e+00   5.1300000e+02   5.1300000e+02   6.0728026e-01
   4.5000000e+00   4.9800000e+02   4.9800000e+02   5.8952353e-01
   4.6000000e+00   5.0700000e+02   5.0700000e+02   6.0017757e-01
   4.7000000e+00   5.4300000e+02   5.4300000e+02   6.4279373e-01
   4.8000000e+00   5.1300000e+02   5.1300000e+02   6.0728026e-01
   4.9000000e+00   5.2300000e+02   5.2300000e+02   6.1911808e-01
   5.0000000e+00   5.3700000e+02   5.3700000e+02   6.3569103e-01
   5.1000000e+00   4.9600000e+02   4.9600000e+02   5.8715596e-01
   5.2000000e+00   4.5600000e+02   4.5600000e+02   5.3980468e-01
   5.3000000e+00   5.2200000e+02   5.2200000e+02   6.1793430e-01
   5.4000000e+00   4.9400000e+02   4.9400000e+02   5.8478840e-01
   5.5000000e+00   5.1600000e+02   5.1600000e+02   6.1083161e-01
   5.6000000e+00   4.5400000e+02   4.5400000e+02   5.3743711e-01
   5.7000000e+00   5.3200000e+02   5.3200000e+02   6.2977212e-01
   5.8000000e+00   4.9000000e+02   4.9000000e+02   5.8005327e-01
   5.9000000e+00   5.2100000e+02   5.2100000e+02   6.1675052e-01
   6.0000000e+00   5.0500000e+02   5.0500000e+02   5.9781000e-01
   6.1000000e+00   4.7000000e+02   4.7000000e+02   5.5637763e-01
   6.2000000e+00   5.2600000e+02   5.2600000e+02   6.2266943e-01
   6.3000000e+00   5.0600000e+02   5.0600000e+02   5.9899379e-01
   6.4000000e+00   4.7100000e+02   4.7100000e+02   5.5756141e-01
   6.5000000e+00   4.8800000e+02   4.8800000e+02   5.7768571e-01
   6.6000000e+00   5.2100000e+02   5.2100000e+02   6.1675052e-01
   6.7000000e+00   5.2300000e+02   5.2300000e+02   6.1911808e-01
   6.8000000e+00   5.4300000e+02   5.4300000e+02   6.4279373e-01
   6.9000000e+00   5.1200000e+02   5.1200000e+02   6.0609648e-01
   7.0000000e+00   5.0300000e+02   5.0300000e+02   5.9544244e-01
   7.1000000e+00   5.1500000e+02   5.1500000e+02   6.0964782e-01
   7.2000000e+00   4.5700000e+02   4.5700000e+02   5.4098846e-01
   7.3000000e+00   5.5800000e+02   5.5800000e+02   6.6055046e-01
   7.4000000e+00   5.0400000e+02   5.0400000e+02   5.9662622e-01
   7.5000000e+00   5.9500000e+02   5.9500000e+02   7.0435040e-01
   7.6000000e+00   5.2800000e+02   5.2800000e+02   6.2503699e-01
   7.7000000e+00   5.2900000e+02   5.2900000e+02   6.2622078e-01
   7.8000000e+00   5.1400000e+02   5.1400000e+02   6.0846404e-01
   7.9000000e+00   5.3200000e+02   5.3200000e+02   6.2977212e-01
   8.0000000e+00   5.6600000e+02   5.6600000e+02   6.7002072e-01
   8.1000000e+00   5.1800000e+02   5.1800000e+02   6.1319917e-01
   8.2000000e+00   5.2900000e+02   5.2900000e+02   6.2622078e-01
   8.3000000e+00   4.5200000e+02   4.5200000e+02   5.3506955e-01
   8.4000000e+00   5.1200000e+02   5.1200000e+02   6.0609648e-01
   8.5000000e+00   4.9800000e+02   4.9800000e+02   5.8952353e-01
   8.6000000e+00   5.5100000e+02   5.5100000e+02   6.5226398e-01
   8.7000000e+00   4.9600000e+02   4.9600000e+02   5.8715596e-01
   8.8000000e+00   5.8600000e+02   5.8600000e+02   6.9369636e-01
   8.9000000e+00   5.5500000e+02   5.5500000e+02   6.5699911e-01
   9.0000000e+00   4.8300000e+02   4.8300000e+02   5.7176679e-01
   9.1000000e+00   5.5100000e+02   5.5100000e+02   6.5226398e-01
   9.2000000e+00   5.3100000e+02   5.3100000e+02   6.2858834e-01
   9.3000000e+00   5.0700000e+02   5.0700000e+02   6.0017757e-01
   9.4000000e+00   5.0900000e+02   5.0900000e+02   6.0254513e-01
   9.5000000e+00   5.3700000e+02   5.3700000e+02   6.3569103e-01
   9.6000000e+00   4.6100000e+02   4.6100000e+02   5.4572359e-01
   9.7000000e+00   5.2500000e+02   5.2500000e+02   6.2148565e-01
   9.8000000e+00   5.2200000e+02   5.2200000e+02   6.1793430e-01
   9.9000000e+00   5.0100000e+02   5.0100000e+02   5.9307487e-01
   1.0000000e+01   4.9300000e+02   4.9300000e+02   5.8360462e-01
   1.0100000e+01   5.2100000e+02   5.2100000e+02   6.1675052e-01
   1.0200000e+01   5.7200000e+02   5.7200000e+02   6.7712341e-01
   1.0300000e+01   4.8700000e+02   4.8700000e+02   5.7650192e-01
   1.0400000e+01   5.0500000e+02   5.0500000e+02   5.9781000e-01
   1.0500000e+01   5.1900000e+02   5.1900000e+02   6.1438295e-01
   1.0600000e+01   5.2700000e+02   5.2700000e+02   6.2385321e-01
   1.0700000e+01   4.7900000e+02   4.7900000e+02   5.6703167e-01
   1.0800000e+01   4.8900000e+02   4.8900000e+02   5.7886949e-01
   1.0900000e+01   5.2400000e+02   5.2400000e+02   6.2030186e-01
   1.1000000e+01   4.9700000e+02   4.9700000e+02   5.8833975e-01
   1.1100000e+01   4.7900000e+02   4.7900000e+02   5.6703167e-01
   1.1200000e+01   3.0300000e+02   3.0300000e+02   3.5868600e-01
   1.1300000e+01   3.0100000e+02   3.0100000e+02   3.5631844e-01
   1.1400000e+01   3.4500000e+02   3.4500000e+02   4.0840485e-01
   1.1500000e+01   3.5000000e+02   3.5000000e+02   4.1432376e-01
   1.1600000e+01   3.5400000e+02   3.5400000e+02   4.1905889e-01
   1.1700000e+01   3.3200000e+02   3.3200000e+02   3.9301569e-01
   1.1800000e+01   3.8400000e+02   3.8400000e+02   4.5457236e-01
   1.1900000e+01   3.0500000e+02   3.0500000e+02   3.6105357e-01
   1.2000000e+01   3.6800000e+02   3.6800000e+02   4.3563184e-01
   1.2100000e+01   3.4000000e+02   3.4000000e+02   4.0248594e-01
   1.2200000e+01   3.3600000e+02   3.3600000e+02   3.9775081e-01
   1.2300000e+01   3.4200000e+02   3.4200000e+02   4.0485351e-01
   1.2400000e+01   3.4800000e+02   3.4800000e+02   4.1195620e-01
   1.2500000e+01   3.7300000e+02   3.7300000e+02   4.4155075e-01
   1.2600000e+01   3.6400000e+02   3.6400000e+02   4.3089672e-01
   1.2700000e+01   3.3600000e+02   3.3600000e+02   3.9775081e-01
   1.2800000e+01   3.4900000e+02   3.4900000e+02   4.1313998e-01
   1.2900000e+01   3.6000000e+02   3.6000000e+02   4.2616159e-01
   1.3000000e+01   3.5200000e+02   3.5200000e+02   4.1669133e-01
   1.3100000e+01   3.3500000e+02   3.3500000e+02   3.9656703e-01
   1.3200000e+01   3.5000000e+02   3.5000000e+02   4.1432376e-01
   1.3300000e+01   3.4000000e+02   3.4000000e+02   4.0248594e-01
   1.3400000e+01   3.7300000e+02   3.7300000e+02   4.4155075e-01
   1.3500000e+01   3.1700000e+02   3.1700000e+02   3.7525895e-01
   1.3600000e+01   3.5500000e+02   3.5500000e+02   4.2024268e-01
   1.3700000e+01   3.7500000e+02   3.7500000e+02   4.4391832e-01
   1.3800000e+01   3.9200000e+02   3.9200000e+02   4.6404262e-01
   1.3900000e+01   3.2200000e+02   3.2200000e+02   3.8117786e-01
   1.4000000e+01   3.3300000e+02   3.3300000e+02   3.9419947e-01
   1.4100000e+01   3.4900000e+02   3.4900000e+02   4.1313998e-01
   1.4200000e+01   3.4700000e+02   3.4700000e+02   4.1077242e-01
   1.4300000e+01   3.4500000e+02   3.4500000e+02   4.0840485e-01
   1.4400000e+01   3.7000000e+02   3.7000000e+02   4.3799941e-01
   1.4500000e+01   3.0400000e+02   3.0400000e+02   3.5986978e-01
   1.4600000e+01   3.9500000e+02   3.9500000e+02   4.6759396e-01
   1.4700000e+01   3.5500000e+02   3.5500000e+02   4.2024268e-01
   1.4800000e+01   3.6500000e+02   3.6500000e+02   4.3208050e-01
   1.4900000e+01   3.2600000e+02   3.2600000e+02   3.8591299e-01
   1.5000000e+01   2.7200000e+02   2.7200000e+02   3.2198875e-01
   1.5100000e+01   3.4600000e+02   3.4600000e+02   4.0958864e-01
   1.5200000e+01   3.6800000e+02   3.6800000e+02   4.3563184e-01
   1.5300000e+01   3.3400000e+02   3.3400000e+02   3.9538325e-01
   1.5400000e+01   3.5100000e+02   3.5100000e+02   4.1550755e-01
   1.5500000e+01   3.7900000e+02   3.7900000e+02   4.4865345e-01
   1.5600000e+01   3.1500000e+02   3.1500000e+02   3.7289139e-01
   1.5700000e+01   3.6400000e+02   3.6400000e+02   4.3089672e-01
   1.5800000e+01   3.4000000e+02   3.4000000e+02   4.0248594e-01
   1.5900000e+01   3.0200000e+02   3.0200000e+02   3.5750222e-01
   1.6000000e+01   3.3000000e+02   3.3000000e+02   3.9064812e-01
   1.6100000e+01   3.3800000e+02   3.3800000e+02   4.0011838e-01
   1.6200000e+01   3.4100000e+02   3.4100000e+02   4.0366972e-01
   1.6300000e+01   3.3100000e+02   3.3100000e+02   3.9183190e-01
   1.6400000e+01   3.4900000e+02   3.4900000e+02   4.1313998e-01
   1.6500000e+01   3.5600000e+02   3.5600000e+02   4.2142646e-01
   1.6600000e+01   3.6600000e+02   3.6600000e+02   4.3326428e-01
   1.6700000e+01   3.5900000e+02   3.5900000e+02   4.2497780e-01
   1.6800000e+01   3.3800000e+02   3.3800000e+02   4.0011838e-01
   1.6900000e+01   3.8700000e+02   3.8700000e+02   4.5812371e-01
   1.7000000e+01   3.5700000e+02   3.5700000e+02   4.2261024e-01
   1.7100000e+01   3.8200000e+02   3.8200000e+02   4.5220479e-01
   1.7200000e+01   3.5100000e+02   3.5100000e+02   4.1550755e-01
   1.7300000e+01   3.2200000e+02   3.2200000e+02   3.8117786e-01
   1.7400000e+01   3.3400000e+02   3.3400000e+02   3.9538325e-01
   1.7500000e+01   3.5800000e+02   3.5800000e+02   4.2379402e-01
   1.7600000e+01   3.3600000e+02   3.3600000e+02   3.9775081e-01
   1.7700000e+01   3.5300000e+02   3.5300000e+02   4.1787511e-01
   1.7800000e+01   3.7400000e+02   3.7400000e+02   4.4273454e-01
   1.7900000e+01   3.4200000e+02   3.4200000e+02   4.0485351e-01
   1.8000000e+01   3.0100000e+02   3.0100000e+02   3.5631844e-01
   1.8100000e+01   3.3500000e+02   3.3500000e+02   3.9656703e-01
   1.8200000e+01   3.5300000e+02   3.5300000e+02   4.1787511e-01
   1.8300000e+01   3.8600000e+02   3.8600000e+02   4.5693992e-01
   1.8400000e+01   3.5100000e+02   3.5100000e+02   4.1550755e-01
   1.8500000e+01   3.6600000e+02   3.6600000e+02   4.3326428e-01
   1.8600000e+01   3.1400000e+02   3.1400000e+02   3.7170761e-01
   1.8700000e+01   3.6700000e+02   3.6700000e+02   4.3444806e-01
   1.8800000e+01   3.5600000e+02   3.5600000e+02   4.2142646e-01
   1.8900000e+01   3.5600000e+02   3.5600000e+02   4.2142646e-01
   1.9000000e+01   3.3900000e+02   3.3900000e+02   4.0130216e-01
   1.9100000e+01   3.5600000e+02   3.5600000e+02   4.2142646e-01
   1.9200000e+01   3.6000000e+02   3.6000000e+02   4.2616159e-01
   1.9300000e+01   3.4700000e+02   3.4700000e+02   4.1077242e-01
   1.9400000e+01   3.3200000e+02   3.3200000e+02   3.9301569e-01
   1.9500000e+01   3.1500000e+02   3.1500000e+02   3.7289139e-01
   1.9600000e+01   3.6100000e+02   3.6100000e+02   4.2734537e-01
   1.9700000e+01   3.1000000e+02   3.1000000e+02   3.6697248e-01
   1.9800000e+01   3.5400000e+02   3.5400000e+02   4.1905889e-01
   1.9900000e+01   3.4000000e+02   3.4000000e+02   4.0248594e-01
   2.0000000e+01   3.2600000e+02   3.2600000e+02   3.8591299e-01
   2.0100000e+01   3.8000000e+02   3.8000000e+02   4.4983723e-01
   2.0200000e+01   4.2100000e+02   4.2100000e+02   4.9837230e-01
   2.0300000e+01   3.4100000e+02   3.4100000e+02   4.0366972e-01
   2.0400000e+01   3.5200000e+02   3.5200000e+02   4.1669133e-01
   2.0500000e+01   3.8700000e+02   3.8700000e+02   4.5812371e-01
   2.0600000e+01   3.0500000e+02   3.0500000e+02   3.6105357e-01
   2.0700000e+01   3.8800000e+02   3.8800000e+02   4.5930749e-01
   2.0800000e+01   3.5600000e+02   3.5600000e+02   4.2142646e-01
   2.0900000e+01   3.6100000e+02   3.6100000e+02   4.2734537e-01
   2.1000000e+01   3.5800000e+02   3.5800000e+02   4.2379402e-01
   2.1100000e+01   3.6500000e+02   3.6500000e+02   4.3208050e-01
   2.1200000e+01   3.7300000e+02   3.7300000e+02   4.4155075e-01
   2.1300000e+01   3.1500000e+02   3.1500000e+02   3.7289139e-01
   2.1400000e+01   3.8500000e+02   3.8500000e+02   4.5575614e-01
   2.1500000e+01   3.4900000e+02   3.4900000e+02   4.1313998e-01
   2.1600000e+01   3.2900000e+02   3.2900000e+02   3.8946434e-01
   2.1700000e+01   3.1900000e+02   3.1900000e+02   3.7762652e-01
   2.1800000e+01   3.6100000e+02   3.6100000e+02   4.2734537e-01
   2.1900000e+01   3.6200000e+02   3.6200000e+02   4.2852915e-01
   2.2000000e+01   3.3700000e+02   3.3700000e+02   3.9893460e-01
   2.2100000e+01   3.4200000e+02   3.4200000e+02   4.0485351e-01
   2.2200000e+01   3.3300000e+02   3.3300000e+02   3.9419947e-01
   2.2300000e+01   2.8400000e+02   2.8400000e+02   3.3619414e-01
   2.2400000e+01   3.7200000e+02   3.7200000e+02   4.4036697e-01
   2.2500000e+01   3.0600000e+02   3.0600000e+02   3.6223735e-01
   2.2600000e+01   3.1500000e+02   3.1500000e+02   3.7289139e-01
   2.2700000e+01   3.2700000e+02   3.2700000e+02   3.8709677e-01
   2.2800000e+01   2.7200000e+02   2.7200000e+02   3.2198875e-01
   2.2900000e+01   3.1900000e+02   3.1900000e+02   3.7762652e-01
   2.3000000e+01   3.6600000e+02   3.6600000e+02   4.3326428e-01
   2.3100000e+01   3.5300000e+02   3.5300000e+02   4.1787511e-01
   2.3200000e+01   3.2300000e+02   3.2300000e+02   3.8236165e-01
   2.3300000e+01   3.1100000e+02   3.1100000e+02   3.6815626e-01
   2.3400000e+01   3.9400000e+02   3.9400000e+02   4.6641018e-01
   2.3500000e+01   3.2000000e+02   3.2000000e+02   3.7881030e-01
   2.3600000e+01   3.5000000e+02   3.5000000e+02   4.1432376e-01
   2.3700000e+01   3.2800000e+02   3.2800000e+02   3.8828056e-01
   2.3800000e+01   3.5300000e+02   3.5300000e+02   4.1787511e-01
   2.3900000e+01   3.4300000e+02   3.4300000e+02   4.0603729e-01
   2.4000000e+01   3.1700000e+02   3.1700000e+02   3.7525895e-01
   2.4100000e+01   3.4400000e+02   3.4400000e+02   4.0722107e-01
   2.4200000e+01   3.7000000e+02   3.7000000e+02   4.3799941e-01
   2.4300000e+01   3.0400000e+02   3.0400000e+02   3.5986978e-01
   2.4400000e+01   1.6500000e+02   1.6500000e+02   1.9532406e-01
   2.4500000e+01   1.3300000e+02   1.3300000e+02   1.5744303e-01
   2.4600000e+01   1.1600000e+02   1.1600000e+02   1.3731873e-01
   2.4700000e+01   1.8200000e+02   1.8200000e+02   2.1544836e-01
   2.4800000e+01   1.3000000e+02   1.3000000e+02   1.5389168e-01
   2.4900000e+01   1.1600000e+02   1.1600000e+02   1.3731873e-01
   2.5000000e+01   9.0000000e+00   9.0000000e+00   1.0654040e-02
   2.5100000e+01  -3.5000000e+01  -3.5000000e+01  -4.1432376e-02
   2.5200000e+01   1.2000000e+01   1.2000000e+01   1.4205386e-02
   2.5300000e+01  -1.9000000e+01  -1.9000000e+01  -2.2491861e-02
   2.5400000e+01  -2.7000000e+01  -2.7000000e+01  -3.1962119e-02
   2.5500000e+01  -6.0000000e+00  -6.0000000e+00  -7.1026931e-03
   2.5600000e+01  -5.0000000e+00  -5.0000000e+00  -5.9189109e-03
   2.5700000e+01   1.9000000e+01   1.9000000e+01   2.2491861e-02
   2.5800000e+01  -3.5000000e+01  -3.5000000e+01  -4.1432376e-02
   2.5900000e+01   1.3000000e+01   1.3000000e+01   1.5389168e-02
   2.6000000e+01  -7.0000000e+00  -7.0000000e+00  -8.2864753e-03
   2.6100000e+01   6.0000000e+00   6.0000000e+00   7.1026931e-03
   2.6200000e+01  -5.0000000e+00  -5.0000000e+00  -5.9189109e-03
   2.6300000e+01   1.1000000e+01   1.1000000e+01   1.3021604e-02
   2.6400000e+01  -6.0000000e+00  -6.0000000e+00  -7.1026931e-03
   2.6500000e+01   1.3000000e+01   1.3000000e+01   1.5389168e-02
   2.6600000e+01   8.0000000e+00   8.0000000e+00   9.4702575e-03
   2.6700000e+01   2.1000000e+01   2.1000000e+01   2.4859426e-02
   2.6800000e+01   2.8000000e+01   2.8000000e+01   3.3145901e-02
   2.6900000e+01   1.0000000e+01   1.0000000e+01   1.1837822e-02
   2.7000000e+01   1.6000000e+01   1.6000000e+01   1.8940515e-02
   2.7100000e+01  -5.0000000e+00  -5.0000000e+00  -5.9189109e-03
   2.7200000e+01   4.2000000e+01   4.2000000e+01   4.9718852e-02
   2.7300000e+01  -4.0000000e+00  -4.0000000e+00  -4.7351287e-03
   2.7400000e+01  -8.0000000e+00  -8.0000000e+00  -9.4702575e-03
   2.7500000e+01  -2.2000000e+01  -2.2000000e+01  -2.6043208e-02
   2.7600000e+01   1.8000000e+01   1.8000000e+01   2.1308079e-02
   2.7700000e+01  -2.0000000e+00  -2.0000000e+00  -2.3675644e-03
   2.7800000e+01  -1.9000000e+01  -1.9000000e+01  -2.2491861e-02
   2.7900000e+01  -4.0000000e+00  -4.0000000e+00  -4.7351287e-03
   2.8000000e+01   2.8000000e+01   2.8000000e+01   3.3145901e-02
   2.8100000e+01  -4.0000000e+00  -4.0000000e+00  -4.7351287e-03
   2.8200000e+01   2.4000000e+01   2.4000000e+01   2.8410772e-02
   2.8300000e+01  -1.7000000e+01  -1.7000000e+01  -2.0124297e-02
   2.8400000e+01  -1.0000000e+00  -1.0000000e+00  -1.1837822e-03
   2.8500000e+01  -1.5000000e+01  -1.5000000e+01  -1.7756733e-02
   2.8600000e+01  -4.0000000e+00  -4.0000000e+00  -4.7351287e-03
   2.8700000e+01   6.0000000e+00   6.0000000e+00   7.1026931e-03
   2.8800000e+01   1.7000000e+01   1.7000000e+01   2.0124297e-02
   2.8900000e+01  -5.0000000e+00  -5.0000000e+00  -5.9189109e-03
   2.9000000e+01   2.8000000e+01   2.8000000e+01   3.3145901e-02
   2.9100000e+01  -3.1000000e+01  -3.1000000e+01  -3.6697248e-02
   2.9200000e+01  -3.9000000e+01  -3.9000000e+01  -4.6167505e-02
   2.9300000e+01   1.5000000e+01   1.5000000e+01   1.7756733e-02
   2.9400000e+01  -1.2000000e+01  -1.2000000e+01  -1.4205386e-02
   2.9500000e+01  -8.0000000e+00  -8.0000000e+00  -9.4702575e-03
   2.9600000e+01   3.0000000e+00   3.0000000e+00   3.5513466e-03
   2.9700000e+01   2.5000000e+01   2.5000000e+01   2.9594555e-02
   2.9800000e+01  -7.0000000e+00  -7.0000000e+00  -8.2864753e-03
   2.9900000e+01  -1.3000000e+01  -1.3000000e+01  -1.5389168e-02
   3.0000000e+01  -7.0000000e+00  -7.0000000e+00  -8.2864753e-03
   3.0100000e+01  -2.0000000e+00  -2.0000000e+00  -2.3675644e-03
   3.0200000e+01  -1.7000000e+01  -1.7000000e+01  -2.0124297e-02
   3.0300000e+01  -9.0000000e+00  -9.0000000e+00  -1.0654040e-02
   3.0400000e+01   9.0000000e+00   9.0000000e+00   1.0654040e-02
   3.0500000e+01   0.0000000e+00   0.0000000e+00   0.0000000e+00
   3.0600000e+01   2.5000000e+01   2.5000000e+01   2.9594555e-02
   3.0700000e+01   3.9000000e+01   3.9000000e+01   4.6167505e-02
   3.0800000e+01  -1.6000000e+01  -1.6000000e+01  -1.8940515e-02
   3.0900000e+01  -1.1000000e+01  -1.1000000e+01  -1.3021604e-02
   3.1000000e+01  -3.0000000e+00  -3.0000000e+00  -3.5513466e-03
   3.1100000e+01   1.0000000e+00   1.0000000e+00   1.1837822e-03
   3.1200000e+01   3.9000000e+01   3.9000000e+01   4.6167505e-02
   3.1300000e+01   1.0000000e+01   1.0000000e+01   1.1837822e-02
   3.1400000e+01   0.0000000e+00   0.0000000e+00   0.0000000e+00
   3.1500000e+01  -7.0000000e+00  -7.0000000e+00  -8.2864753e-03
   3.1600000e+01   1.7000000e+01   1.7000000e+01   2.0124297e-02
   3.1700000e+01  -1.7000000e+01  -1.7000000e+01  -2.0124297e-02
   3.1800000e+01  -2.8000000e+01  -2.8000000e+01  -3.3145901e-02
   3.1900000e+01  -4.0000000e+00  -4.0000000e+00  -4.7351287e-03
   3.2000000e+01   3.0000000e+00   3.0000000e+00   3.5513466e-03
   3.2100000e+01   1.5000000e+01   1.5000000e+01   1.7756733e-02
   3.2200000e+01   4.0000000e+00   4.0000000e+00   4.7351287e-03
   3.2300000e+01   3.0000000e+00   3.0000000e+00   3.5513466e-03
   3.2400000e+01  -9.0000000e+00  -9.0000000e+00  -1.0654040e-02
   3.2500000e+01   2.1000000e+01   2.1000000e+01   2.4859426e-02
   3.2600000e+01   2.0000000e+00   2.0000000e+00   2.3675644e-03
   3.2700000e+01   8.0000000e+00   8.0000000e+00   9.4702575e-03
   3.2800000e+01   8.0000000e+00   8.0000000e+00   9.4702575e-03
   3.2900000e+01   1.5000000e+01   1.5000000e+01   1.7756733e-02
   3.3000000e+01  -1.5000000e+01  -1.5000000e+01  -1.7756733e-02
   3.3100000e+01   6.0000000e+00   6.0000000e+00   7.1026931e-03
   3.3200000e+01   1.0000000e+01   1.0000000e+01   1.1837822e-02
   3.3300000e+01   6.0000000e+00   6.0000000e+00   7.1026931e-03
   3.3400000e+01  -8.0000000e+00  -8.0000000e+00  -9.4702575e-03
   3.3500000e+01  -2.3000000e+01  -2.3000000e+01  -2.7226990e-02
   3.3600000e+01  -2.0000000e+01  -2.0000000e+01  -2.3675644e-02
   3.3700000e+01  -2.3000000e+01  -2.3000000e+01  -2.7226990e-02
   3.3800000e+01   1.7000000e+01   1.7000000e+01   2.0124297e-02
   3.3900000e+01   1.3000000e+01   1.3000000e+01   1.5389168e-02
   3.4000000e+01  -3.1000000e+01  -3.1000000e+01  -3.6697248e-02
   3.4100000e+01  -1.0000000e+00  -1.0000000e+00  -1.1837822e-03
   3.4200000e+01   2.3000000e+01   2.3000000e+01   2.7226990e-02
   3.4300000e+01   3.0000000e+00   3.0000000e+00   3.5513466e-03
   3.4400000e+01  -3.0000000e+00  -3.0000000e+00  -3.5513466e-03
   3.4500000e+01   1.4000000e+01   1.4000000e+01   1.6572951e-02
   3.4600000e+01  -1.6000000e+01  -1.6000000e+01  -1.8940515e-02
   3.4700000e+01  -6.0000000e+00  -6.0000000e+00  -7.1026931e-03
   3.4800000e+01  -1.3000000e+01  -1.3000000e+01  -1.5389168e-02
   3.4900000e+01  -3.0000000e+00  -3.0000000e+00  -3.5513466e-03
   3.5000000e+01  -3.2000000e+01  -3.2000000e+01  -3.7881030e-02
   3.5100000e+01  -2.8000000e+01  -2.8000000e+01  -3.3145901e-02
   3.5200000e+01   1.4000000e+01   1.4000000e+01   1.6572951e-02
   3.5300000e+01  -3.0000000e+00  -3.0000000e+00  -3.5513466e-03
   3.5400000e+01  -2.0000000e+01  -2.0000000e+01  -2.3675644e-02
   3.5500000e+01   1.0000000e+00   1.0000000e+00   1.1837822e-03
   3.5600000e+01   1.2000000e+01   1.2000000e+01   1.4205386e-02
   3.5700000e+01   6.0000000e+00   6.0000000e+00   7.1026931e-03
   3.5800000e+01   2.9000000e+01   2.9000000e+01   3.4329683e-02
   3.5900000e+01   8.0000000e+00   8.0000000e+00   9.4702575e-03
   3.6000000e+01  -1.6000000e+01  -1.6000000e+01  -1.8940515e-02
   3.6100000e+01   3.0000000e+00   3.0000000e+00   3.5513466e-03
   3.6200000e+01   1.1000000e+01   1.1000000e+01   1.3021604e-02
   3.6300000e+01  -1.0000000e+01  -1.0000000e+01  -1.1837822e-02
   3.6400000e+01  -2.5000000e+01  -2.5000000e+01  -2.9594555e-02
   3.6500000e+01   1.4000000e+01   1.4000000e+01   1.6572951e-02
   3.6600000e+01  -3.0000000e+00  -3.0000000e+00  -3.5513466e-03
   3.6700000e+01   3.5000000e+01   3.5000000e+01   4.1432376e-02
   3.6800000e+01   1.5000000e+01   1.5000000e+01   1.7756733e-02
   3.6900000e+01  -1.9000000e+01  -1.9000000e+01  -2.2491861e-02
   3.7000000e+01   1.1000000e+01   1.1000000e+01   1.3021604e-02
   3.7100000e+01   1.1000000e+01   1.1000000e+01   1.3021604e-02
   3.7200000e+01   1.0000000e+01   1.0000000e+01   1.1837822e-02
   3.7300000e+01  -1.3000000e+01  -1.3000000e+01  -1.5389168e-02
   3.7400000e+01  -1.3000000e+01  -1.3000000e+01  -1.5389168e-02
   3.7500000e+01  -6.0000000e+00  -6.0000000e+00  -7.1026931e-03
   3.7600000e+01   2.2000000e+01   2.2000000e+01   2.6043208e-02
   3.7700000e+01  -1.5000000e+01  -1.5000000e+01  -1.7756733e-02
   3.7800000e+01  -1.3000000e+01  -1.3000000e+01  -1.5389168e-02
   3.7900000e+01   1.4000000e+01   1.4000000e+01   1.6572951e-02
   3.8000000e+01   4.0000000e+00   4.0000000e+00   4.7351287e-03
   3.8100000e+01   1.0000000e+00   1.0000000e+00   1.1837822e-03
   3.8200000e+01   1.8000000e+01   1.8000000e+01   2.1308079e-02
   3.8300000e+01  -1.1000000e+01  -1.1000000e+01  -1.3021604e-02
   3.8400000e+01   5.0000000e+00   5.0000000e+00   5.9189109e-03
   3.8500000e+01  -3.4000000e+01  -3.4000000e+01  -4.0248594e-02
   3.8600000e+01  -1.3000000e+01  -1.3000000e+01  -1.5389168e-02
   3.8700000e+01  -1.8000000e+01  -1.8000000e+01  -2.1308079e-02
   3.8800000e+01  -8.0000000e+00  -8.0000000e+00  -9.4702575e-03
   3.8900000e+01   2.0000000e+01   2.0000000e+01   2.3675644e-02
   3.9000000e+01   1.0000000e+01   1.0000000e+01   1.1837822e-02
   3.9100000e+01   4.0000000e+00   4.0000000e+00   4.7351287e-03
   3.9200000e+01  -1.3000000e+01  -1.3000000e+01  -1.5389168e-02
   3.9300000e+01   4.0000000e+00   4.0000000e+00   4.7351287e-03
   3.9400000e+01   5.0000000e+00   5.0000000e+00   5.9189109e-03
   3.9500000e+01   2.0000000e+00   2.0000000e+00   2.3675644e-03
   3.9600000e+01   1.7000000e+01   1.7000000e+01   2.0124297e-02
   3.9700000e+01   9.0000000e+00   9.0000000e+00   1.0654040e-02
   3.9800000e+01  -1.0000000e+01  -1.0000000e+01  -1.1837822e-02
   3.9900000e+01   1.0000000e+01   1.0000000e+01   1.1837822e-02
   4.0000000e+01   4.0000000e+00   4.0000000e+00   4.7351287e-03
   4.0100000e+01   1.6000000e+01   1.6000000e+01   1.8940515e-02
   4.0200000e+01   9.0000000e+00   9.0000000e+00   1.0654040e-02
   4.0300000e+01   1.1000000e+01   1.1000000e+01   1.3021604e-02
   4.0400000e+01   1.8000000e+01   1.8000000e+01   2.1308079e-02
   4.0500000e+01   1.3000000e+01   1.3000000e+01   1.5389168e-02
   4.0600000e+01  -3.0000000e+00  -3.0000000e+00  -3.5513466e-03
   4.0700000e+01   1.7000000e+01   1.7000000e+01   2.0124297e-02
   4.0800000e+01  -1.6000000e+01  -1.6000000e+01  -1.8940515e-02
   4.0900000e+01  -1.9000000e+01  -1.9000000e+01  -2.2491861e-02
   4.1000000e+01   6.0000000e+00   6.0000000e+00   7.1026931e-03
   4.1100000e+01  -2.8000000e+01  -2.8000000e+01  -3.3145901e-02
   4.1200000e+01  -4.1000000e+01  -4.1000000e+01  -4.8535070e-02
   4.1300000e+01   9.0000000e+00   9.0000000e+00   1.0654040e-02
   4.1400000e+01   2.0000000e+00   2.0000000e+00   2.3675644e-03
   4.1500000e+01   1.3000000e+01   1.3000000e+01   1.5389168e-02
   4.1600000e+01  -1.5000000e+01  -1.5000000e+01  -1.7756733e-02
   4.1700000e+01  -5.0000000e+00  -5.0000000e+00  -5.9189109e-03
   4.1800000e+01   1.6000000e+01   1.6000000e+01   1.8940515e-02
   4.1900000e+01   5.0000000e+00   5.0000000e+00   5.9189109e-03
   4.2000000e+01   4.0000000e+00   4.0000000e+00   4.7351287e-03
   4.2100000e+01  -6.0000000e+00  -6.0000000e+00  -7.1026931e-03
   4.2200000e+01   2.5000000e+01   2.5000000e+01   2.9594555e-02
   4.2300000e+01  -3.0000000e+00  -3.0000000e+00  -3.5513466e-03
   4.2400000e+01  -2.0000000e+00  -2.0000000e+00  -2.3675644e-03
   4.2500000e+01   1.5000000e+01   1.5000000e+01   1.7756733e-02
   4.2600000e+01   5.0000000e+00   5.0000000e+00   5.9189109e-03
   4.2700000e+01  -1.0000000e+00  -1.0000000e+00  -1.1837822e-03
   4.2800000e+01  -1.9000000e+01  -1.9000000e+01  -2.2491861e-02
   4.2900000e+01   1.0000000e+00   1.0000000e+00   1.1837822e-03
   4.3000000e+01  -5.0000000e+00  -5.0000000e+00  -5.9189109e-03
   4.3100000e+01   2.2000000e+01   2.2000000e+01   2.6043208e-02
   4.3200000e+01   1.6000000e+01   1.6000000e+01   1.8940515e-02
   4.3300000e+01  -3.0000000e+00  -3.0000000e+00  -3.5513466e-03
   4.3400000e+01   2.0000000e+00   2.0000000e+00   2.3675644e-03
   4.3500000e+01   1.5000000e+01   1.5000000e+01   1.7756733e-02
   4.3600000e+01  -2.1000000e+01  -2.1000000e+01  -2.4859426e-02
   4.3700000e+01   1.0000000e+00   1.0000000e+00   1.1837822e-03
   4.3800000e+01   3.6000000e+01   3.6000000e+01   4.2616159e-02
   4.3900000e+01  -6.0000000e+00  -6.0000000e+00  -7.1026931e-03
   4.4000000e+01  -9.0000000e+00  -9.0000000e+00  -1.0654040e-02
   4.4100000e+01  -1.0000000e+00  -1.0000000e+00  -1.1837822e-03
   4.4200000e+01   1.6000000e+01   1.6000000e+01   1.8940515e-02
   4.4300000e+01   8.0000000e+00   8.0000000e+00   9.4702575e-03
   4.4400000e+01  -4.0000000e+00  -4.0000000e+00  -4.7351287e-03
   4.4500000e+01  -2.1000000e+01  -2.1000000e+01  -2.4859426e-02
   4.4600000e+01  -2.3000000e+01  -2.3000000e+01  -2.7226990e-02
   4.4700000e+01   1.7000000e+01   1.7000000e+01   2.0124297e-02
   4.4800000e+01   2.2000000e+01   2.2000000e+01   2.6043208e-02
   4.4900000e+01   1.4000000e+01   1.4000000e+01   1.6572951e-02
   4.5000000e+01  -1.6000000e+01  -1.6000000e+01  -1.8940515e-02
   4.5100000e+01  -1.8000000e+01  -1.8000000e+01  -2.1308079e-02
   4.5200000e+01  -1.7000000e+01  -1.7000000e+01  -2.0124297e-02
   4.5300000e+01  -2.0000000e+00  -2.0000000e+00  -2.3675644e-03
   4.5400000e+01   1.8000000e+01   1.8000000e+01   2.1308079e-02
   4.5500000e+01   2.5000000e+01   2.5000000e+01   2.9594555e-02
   4.5600000e+01   1.3000000e+01   1.3000000e+01   1.5389168e-02
   4.5700000e+01   0.0000000e+00   0.0000000e+00   0.0000000e+00
   4.5800000e+01   1.0000000e+00   1.0000000e+00   1.1837822e-03
   4.5900000e+01   1.6000000e+01   1.6000000e+01   1.8940515e-02
   4.6000000e+01   1.0000000e+00   1.0000000e+00   1.1837822e-03
   4.6100000e+01   6.0000000e+00   6.0000000e+00   7.1026931e-03
   4.6200000e+01  -1.0000000e+00  -1.0000000e+00  -1.1837822e-03
   4.6300000e+01  -9.0000000e+00  -9.0000000e+00  -1.0654040e-02
   4.6400000e+01  -1.5000000e+01  -1.5000000e+01  -1.7756733e-02
   4.6500000e+01  -4.0000000e+00  -4.0000000e+00  -4.7351287e-03
   4.6600000e+01  -1.5000000e+01  -1.5000000e+01  -1.7756733e-02
   4.6700000e+01   6.0000000e+00   6.0000000e+00   7.1026931e-03
   4.6800000e+01  -2.8000000e+01  -2.8000000e+01  -3.3145901e-02
   4.6900000e+01   2.7000000e+01   2.7000000e+01   3.1962119e-02
   4.7000000e+01   1.0000000e+00   1.0000000e+00   1.1837822e-03
   4.7100000e+01  -1.6000000e+01  -1.6000000e+01  -1.8940515e-02
   4.7200000e+01  -3.6000000e+01  -3.6000000e+01  -4.2616159e-02
   4.7300000e+01  -5.0000000e+00  -5.0000000e+00  -5.9189109e-03
   4.7400000e+01  -5.0000000e+00  -5.0000000e+00  -5.9189109e-03
   4.7500000e+01   3.0000000e+00   3.0000000e+00   3.5513466e-03
   4.7600000e+01   1.0000000e+01   1.0000000e+01   1.1837822e-02
   4.7700000e+01   0.0000000e+00   0.0000000e+00   0.0000000e+00
   4.7800000e+01  -9.0000000e+00  -9.0000000e+00  -1.0654040e-02
   4.7900000e+01   2.9000000e+01   2.9000000e+01   3.4329683e-02
   4.8000000e+01   1.4000000e+01   1.4000000e+01   1.6572951e-02
   4.8100000e+01   2.6000000e+01   2.6000000e+01   3.0778337e-02
   4.8200000e+01  -2.5000000e+01  -2.5000000e+01  -2.9594555e-02
   4.8300000e+01   3.0000000e+01   3.0000000e+01   3.5513466e-02
   4.8400000e+01  -1.4000000e+01  -1.4000000e+01  -1.6572951e-02
   4.8500000e+01   5.0000000e+00   5.0000000e+00   5.9189109e-03
   4.8600000e+01  -1.0000000e+00  -1.0000000e+00  -1.1837822e-03
   4.8700000e+01   3.0000000e+00   3.0000000e+00   3.5513466e-03
   4.8800000e+01  -5.0000000e+00  -5.0000000e+00  -5.9189109e-03
   4.8900000e+01   3.1000000e+01   3.1000000e+01   3.6697248e-02
   4.9000000e+01  -5.0000000e+00  -5.0000000e+00  -5.9189109e-03
   4.9100000e+01   3.8000000e+01   3.8000000e+01   4.4983723e-02
   4.9200000e+01  -1.0000000e+00  -1.0000000e+00  -1.1837822e-03
   4.9300000e+01   1.2000000e+01   1.2000000e+01   1.4205386e-02
   4.9400000e+01   2.8000000e+01   2.8000000e+01   3.3145901e-02
   4.9500000e+01  -1.7000000e+01  -1.7000000e+01  -2.0124297e-02
   4.9600000e+01  -1.0000000e+00  -1.0000000e+00  -1.1837822e-03
   4.9700000e+01   4.9000000e+01   4.9000000e+01   5.8005327e-02
   4.9800000e+01  -6.0000000e+00  -6.0000000e+00  -7.1026931e-03
   4.9900000e+01  -2.1000000e+01  -2.1000000e+01  -2.4859426e-02
   5.0000000e+01  -1.1000000e+01  -1.1000000e+01  -1.3021604e-02
   5.0100000e+01  -6.0000000e+00  -6.0000000e+00  -7.1026931e-03
   5.0200000e+01   2.1000000e+01   2.1000000e+01   2.4859426e-02
   5.0300000e+01  -2.7000000e+01  -2.7000000e+01  -3.1962119e-02
   5.0400000e+01   1.8000000e+01   1.8000000e+01   2.1308079e-02
   5.0500000e+01   1.1000000e+01   1.1000000e+01   1.3021604e-02
   5.0600000e+01  -1.2000000e+01  -1.2000000e+01  -1.4205386e-02
   5.0700000e+01   2.0000000e+00   2.0000000e+00   2.3675644e-03
   5.0800000e+01   1.7000000e+01   1.7000000e+01   2.0124297e-02
   5.0900000e+01  -1.2000000e+01  -1.2000000e+01  -1.4205386e-02
   5.1000000e+01  -1.0000000e+00  -1.0000000e+00  -1.1837822e-03
   5.1100000e+01  -1.0000000e+01  -1.0000000e+01  -1.1837822e-02
   5.1200000e+01   1.3000000e+01   1.3000000e+01   1.5389168e-02
   5.1300000e+01   1.6000000e+01   1.6000000e+01   1.8940515e-02
   5.1400000e+01  -5.0000000e+00  -5.0000000e+00  -5.9189109e-03
   5.1500000e+01  -7.0000000e+00  -7.0000000e+00  -8.2864753e-03
   5.1600000e+01   1.5000000e+01   1.5000000e+01   1.7756733e-02
   5.1700000e+01   1.4000000e+01   1.4000000e+01   1.6572951e-02
   5.1800000e+01  -9.0000000e+00  -9.0000000e+00  -1.0654040e-02
   5.1900000e+01  -4.0000000e+00  -4.0000000e+00  -4.7351287e-03
   5.2000000e+01  -3.0000000e+00  -3.0000000e+00  -3.5513466e-03
   5.2100000e+01  -1.7000000e+01  -1.7000000e+01  -2.0124297e-02
   5.2200000e+01   2.0000000e+01   2.0000000e+01   2.3675644e-02
   5.2300000e+01  -1.2000000e+01  -1.2000000e+01  -1.4205386e-02
   5.2400000e+01  -1.5000000e+01  -1.5000000e+01  -1.7756733e-02
   5.2500000e+01   3.0000000e+01   3.0000000e+01   3.5513466e-02
   5.2600000e+01  -2.0000000e+00  -2.0000000e+00  -2.3675644e-03
   5.2700000e+01  -1.2000000e+01  -1.2000000e+01  -1.4205386e-02
   5.2800000e+01   0.0000000e+00   0.0000000e+00   0.0000000e+00
   5.2900000e+01  -1.0000000e+01  -1.0000000e+01  -1.1837822e-02
   5.3000000e+01  -8.0000000e+00  -8.0000000e+00  -9.4702575e-03
   5.3100000e+01   1.0000000e+00   1.0000000e+00   1.1837822e-03
   5.3200000e+01   7.0000000e+00   7.0000000e+00   8.2864753e-03
   5.3300000e+01   2.0000000e+00   2.0000000e+00   2.3675644e-03
   5.3400000e+01  -3.6000000e+01  -3.6000000e+01  -4.2616159e-02
   5.3500000e+01  -3.0000000e+00  -3.0000000e+00  -3.5513466e-03
   5.3600000e+01   2.5000000e+01   2.5000000e+01   2.9594555e-02
   5.3700000e+01  -6.0000000e+00  -6.0000000e+00  -7.1026931e-03
   5.3800000e+01   2.8000000e+01   2.8000000e+01   3.3145901e-02
   5.3900000e+01   1.4000000e+01   1.4000000e+01   1.6572951e-02
   5.4000000e+01   2.1000000e+01   2.1000000e+01   2.4859426e-02
   5.4100000e+01   4.0000000e+00   4.0000000e+00   4.7351287e-03
   5.4200000e+01   7.0000000e+00   7.0000000e+00   8.2864753e-03
   5.4300000e+01   1.4000000e+01   1.4000000e+01   1.6572951e-02
   5.4400000e+01  -5.0000000e+00  -5.0000000e+00  -5.9189109e-03
   5.4500000e+01  -2.0000000e+00  -2.0000000e+00  -2.3675644e-03
   5.4600000e+01   1.0000000e+00   1.0000000e+00   1.1837822e-03
   5.4700000e+01  -3.0000000e+00  -3.0000000e+00  -3.5513466e-03
   5.4800000e+01  -2.0000000e+00  -2.0000000e+00  -2.3675644e-03
   5.4900000e+01  -1.9000000e+01  -1.9000000e+01  -2.2491861e-02
   5.5000000e+01   3.8000000e+01   3.8000000e+01   4.4983723e-02
   5.5100000e+01  -2.2000000e+01  -2.2000000e+01  -2.6043208e-02
   5.5200000e+01  -1.2000000e+01  -1.2000000e+01  -1.4205386e-02
   5.5300000e+01  -1.1000000e+01  -1.1000000e+01  -1.3021604e-02
   5.5400000e+01   5.0000000e+00   5.0000000e+00   5.9189109e-03
   5.5500000e+01  -2.0000000e+00  -2.0000000e+00  -2.3675644e-03
   5.5600000e+01  -1.0000000e+00  -1.0000000e+00  -1.1837822e-03
   5.5700000e+01   2.0000000e+00   2.0000000e+00   2.3675644e-03
   5.5800000e+01   1.4000000e+01   1.4000000e+01   1.6572951e-02
   5.5900000e+01   1.3000000e+01   1.3000000e+01   1.5389168e-02
   5.6000000e+01  -7.0000000e+00  -7.0000000e+00  -8.2864753e-03
   5.6100000e+01  -1.9000000e+01  -1.9000000e+01  -2.2491861e-02
   5.6200000e+01  -1.8000000e+01  -1.8000000e+01  -2.1308079e-02
   5.6300000e+01  -2.2000000e+01  -2.2000000e+01  -2.6043208e-02
   5.6400000e+01   4.0000000e+00   4.0000000e+00   4.7351287e-03
   5.6500000e+01  -8.0000000e+00  -8.0000000e+00  -9.4702575e-03
   5.6600000e+01  -4.0000000e+00  -4.0000000e+00  -4.7351287e-03
   5.6700000e+01   3.0000000e+00   3.0000000e+00   3.5513466e-03
   5.6800000e+01   8.0000000e+00   8.0000000e+00   9.4702575e-03
   5.6900000e+01  -1.8000000e+01  -1.8000000e+01  -2.1308079e-02
   5.7000000e+01  -3.2000000e+01  -3.2000000e+01  -3.7881030e-02
   5.7100000e+01   2.7000000e+01   2.7000000e+01   3.1962119e-02
   5.7200000e+01   3.6000000e+01   3.6000000e+01   4.2616159e-02
   5.7300000e+01   2.2000000e+01   2.2000000e+01   2.6043208e-02
   5.7400000e+01  -3.0000000e+00  -3.0000000e+00  -3.5513466e-03
   5.7500000e+01  -1.5000000e+01  -1.5000000e+01  -1.7756733e-02
   5.7600000e+01  -2.0000000e+00  -2.0000000e+00  -2.3675644e-03
   5.7700000e+01  -4.0000000e+00  -4.0000000e+00  -4.7351287e-03
   5.7800000e+01   1.2000000e+01   1.2000000e+01   1.4205386e-02
   5.7900000e+01  -1.8000000e+01  -1.8000000e+01  -2.1308079e-02
   5.8000000e+01  -1.0000000e+00  -1.0000000e+00  -1.1837822e-03
   5.8100000e+01  -1.1000000e+01  -1.1000000e+01  -1.3021604e-02
   5.8200000e+01   1.2000000e+01   1.2000000e+01   1.4205386e-02
   5.8300000e+01  -1.6000000e+01  -1.6000000e+01  -1.8940515e-02
   5.8400000e+01   1.8000000e+01   1.8000000e+01   2.1308079e-02
   5.8500000e+01   1.9000000e+01   1.9000000e+01   2.2491861e-02
   5.8600000e+01  -1.2000000e+01  -1.2000000e+01  -1.4205386e-02
   5.8700000e+01   3.0000000e+00   3.0000000e+00   3.5513466e-03
   5.8800000e+01  -6.0000000e+00  -6.0000000e+00  -7.1026931e-03
   5.8900000e+01   8.0000000e+00   8.0000000e+00   9.4702575e-03
   5.9000000e+01  -2.3000000e+01  -2.3000000e+01  -2.7226990e-02
   5.9100000e+01  -1.2000000e+01  -1.2000000e+01  -1.4205386e-02
   5.9200000e+01  -2.3000000e+01  -2.3000000e+01  -2.7226990e-02
   5.9300000e+01  -2.0000000e+00  -2.0000000e+00  -2.3675644e-03
   5.9400000e+01   1.3000000e+01   1.3000000e+01   1.5389168e-02
   5.9500000e+01   3.0000000e+00   3.0000000e+00   3.5513466e-03
   5.9600000e+01   2.0000000e+00   2.0000000e+00   2.3675644e-03
   5.9700000e+01   1.6000000e+01   1.6000000e+01   1.8940515e-02
   5.9800000e+01   3.0000000e+00   3.0000000e+00   3.5513466e-03
   5.9900000e+01  -2.5000000e+01  -2.5000000e+01  -2.9594555e-02
   6.0000000e+01   2.0000000e+01   2.0000000e+01   2.3675644e-02
   6.0100000e+01   1.2000000e+01   1.2000000e+01   1.4205386e-02
   6.0200000e+01  -1.3000000e+01  -1.3000000e+01  -1.5389168e-02
   6.0300000e+01   1.0000000e+00   1.0000000e+00   1.1837822e-03
   6.0400000e+01   5.0000000e+01   5.0000000e+01   5.9189109e-02
   6.0500000e+01  -1.1000000e+01  -1.1000000e+01  -1.3021604e-02
   6.0600000e+01   1.3000000e+01   1.3000000e+01   1.5389168e-02
   6.0700000e+01   1.7000000e+01   1.7000000e+01   2.0124297e-02
   6.0800000e+01   1.1000000e+01   1.1000000e+01   1.3021604e-02
   6.0900000e+01  -1.8000000e+01  -1.8000000e+01  -2.1308079e-02
   6.1000000e+01   7.0000000e+00   7.0000000e+00   8.2864753e-03
   6.1100000e+01   1.0000000e+00   1.0000000e+00   1.1837822e-03
   6.1200000e+01   8.0000000e+00   8.0000000e+00   9.4702575e-03
   6.1300000e+01  -1.0000000e+01  -1.0000000e+01  -1.1837822e-02
   6.1400000e+01  -3.0000000e+00  -3.0000000e+00  -3.5513466e-03
   6.1500000e+01  -4.0000000e+00  -4.0000000e+00  -4.7351287e-03
   6.1600000e+01   1.3000000e+01   1.3000000e+01   1.5389168e-02
   6.1700000e+01   1.4000000e+01   1.4000000e+01   1.6572951e-02
   6.1800000e+01   1.7000000e+01   1.7000000e+01   2.0124297e-02
   6.1900000e+01  -1.3000000e+01  -1.3000000e+01  -1.5389168e-02
   6.2000000e+01  -9.0000000e+00  -9.0000000e+00  -1.0654040e-02
   6.2100000e+01  -7.0000000e+00  -7.0000000e+00  -8.2864753e-03
   6.2200000e+01  -1.0000000e+00  -1.0000000e+00  -1.1837822e-03
   6.2300000e+01   2.7000000e+01   2.7000000e+01   3.1962119e-02
   6.2400000e+01  -5.0000000e+00  -5.0000000e+00  -5.9189109e-03
   6.2500000e+01  -5.0000000e+00  -5.0000000e+00  -5.9189109e-03
   6.2600000e+01   3.0000000e+00   3.0000000e+00   3.5513466e-03
   6.2700000e+01   6.0000000e+00   6.0000000e+00   7.1026931e-03
   6.2800000e+01  -8.0000000e+00  -8.0000000e+00  -9.4702575e-03
   6.2900000e+01   1.3000000e+01   1.3000000e+01   1.5389168e-02
   6.3000000e+01  -4.0000000e+00  -4.0000000e+00  -4.7351287e-03
   6.3100000e+01  -9.0000000e+00  -9.0000000e+00  -1.0654040e-02
   6.3200000e+01   3.1000000e+01   3.1000000e+01   3.6697248e-02
   6.3300000e+01  -8.0000000e+00  -8.0000000e+00  -9.4702575e-03
   6.3400000e+01  -2.0000000e+01  -2.0000000e+01  -2.3675644e-02
   6.3500000e+01   2.5000000e+01   2.5000000e+01   2.9594555e-02
   6.3600000e+01  -4.0000000e+00  -4.0000000e+00  -4.7351287e-03
   6.3700000e+01   1.5000000e+01   1.5000000e+01   1.7756733e-02
   6.3800000e+01  -2.0000000e+01  -2.0000000e+01  -2.3675644e-02
   6.3900000e+01  -2.3000000e+01  -2.3000000e+01  -2.7226990e-02
   6.4000000e+01   6.0000000e+00   6.0000000e+00   7.1026931e-03
   6.4100000e+01  -6.0000000e+00  -6.0000000e+00  -7.1026931e-03
   6.4200000e+01   1.8000000e+01   1.8000000e+01   2.1308079e-02
   6.4300000e+01  -4.0000000e+00  -4.0000000e+00  -4.7351287e-03
   6.4400000e+01   4.3000000e+01   4.3000000e+01   5.0902634e-02
   6.4500000e+01   7.0000000e+00   7.0000000e+00   8.2864753e-03
   6.4600000e+01   7.0000000e+00   7.0000000e+00   8.2864753e-03
   6.4700000e+01   1.1000000e+01   1.1000000e+01   1.3021604e-02
   6.4800000e+01  -4.0000000e+00  -4.0000000e+00  -4.7351287e-03
   6.4900000e+01   9.0000000e+00   9.0000000e+00   1.0654040e-02
   6.5000000e+01   0.0000000e+00   0.0000000e+00   0.0000000e+00
   6.5100000e+01   2.5000000e+01   2.5000000e+01   2.9594555e-02
   6.5200000e+01   1.0000000e+00   1.0000000e+00   1.1837822e-03
   6.5300000e+01   3.0000000e+00   3.0000000e+00   3.5513466e-03
   6.5400000e+01  -2.2000000e+01  -2.2000000e+01  -2.6043208e-02
   6.5500000e+01  -6.0000000e+00  -6.0000000e+00  -7.1026931e-03
   6.5600000e+01  -8.0000000e+00  -8.0000000e+00  -9.4702575e-03
   6.5700000e+01   2.4000000e+01   2.4000000e+01   2.8410772e-02
   6.5800000e+01   2.2000000e+01   2.2000000e+01   2.6043208e-02
   6.5900000e+01  -4.0000000e+00  -4.0000000e+00  -4.7351287e-03
   6.6000000e+01  -2.0000000e+00  -2.0000000e+00  -2.3675644e-03
   6.6100000e+01  -1.0000000e+00  -1.0000000e+00  -1.1837822e-03
   6.6200000e+01   1.5000000e+01   1.5000000e+01   1.7756733e-02
   6.6300000e+01   2.0000000e+00   2.0000000e+00   2.3675644e-03
   6.6400000e+01  -2.0000000e+00  -2.0000000e+00  -2.3675644e-03
   6.6500000e+01   5.0000000e+00   5.0000000e+00   5.9189109e-03
   6.6600000e+01  -1.0000000e+01  -1.0000000e+01  -1.1837822e-02
   6.6700000e+01   2.7000000e+01   2.7000000e+01   3.1962119e-02
   6.6800000e+01  -4.0000000e+00  -4.0000000e+00  -4.7351287e-03
   6.6900000e+01  -2.3000000e+01  -2.3000000e+01  -2.7226990e-02
   6.7000000e+01  -2.3000000e+01  -2.3000000e+01  -2.7226990e-02
   6.7100000e+01  -3.3000000e+01  -3.3000000e+01  -3.9064812e-02
   6.7200000e+01  -5.0000000e+00  -5.0000000e+00  -5.9189109e-03
   6.7300000e+01   9.0000000e+00   9.0000000e+00   1.0654040e-02
   6.7400000e+01   4.0000000e+00   4.0000000e+00   4.7351287e-03
   6.7500000e+01   8.0000000e+00   8.0000000e+00   9.4702575e-03
   6.7600000e+01  -1.2000000e+01  -1.2000000e+01  -1.4205386e-02
   6.7700000e+01   1.5000000e+01   1.5000000e+01   1.7756733e-02
   6.7800000e+01  -7.0000000e+00  -7.0000000e+00  -8.2864753e-03
   6.7900000e+01  -4.0000000e+00  -4.0000000e+00  -4.7351287e-03
   6.8000000e+01  -1.0000000e+00  -1.0000000e+00  -1.1837822e-03
   6.8100000e+01   1.0000000e+01   1.0000000e+01   1.1837822e-02
   6.8200000e+01  -6.0000000e+00  -6.0000000e+00  -7.1026931e-03
   6.8300000e+01  -1.9000000e+01  -1.9000000e+01  -2.2491861e-02
   6.8400000e+01   4.0000000e+00   4.0000000e+00   4.7351287e-03
   6.8500000e+01  -1.9000000e+01  -1.9000000e+01  -2.2491861e-02
   6.8600000e+01  -2.0000000e+00  -2.0000000e+00  -2.3675644e-03
   6.8700000e+01   1.1000000e+01   1.1000000e+01   1.3021604e-02
   6.8800000e+01  -1.3000000e+01  -1.3000000e+01  -1.5389168e-02
   6.8900000e+01  -2.1000000e+01  -2.1000000e+01  -2.4859426e-02
   6.9000000e+01  -1.3000000e+01  -1.3000000e+01  -1.5389168e-02
   6.9100000e+01  -1.7000000e+01  -1.7000000e+01  -2.0124297e-02
   6.9200000e+01  -9.0000000e+00  -9.0000000e+00  -1.0654040e-02
   6.9300000e+01  -4.0000000e+00  -4.0000000e+00  -4.7351287e-03
   6.9400000e+01   1.3000000e+01   1.3000000e+01   1.5389168e-02
   6.9500000e+01  -7.0000000e+00  -7.0000000e+00  -8.2864753e-03
   6.9600000e+01   0.0000000e+00   0.0000000e+00   0.0000000e+00
   6.9700000e+01   2.0000000e+00   2.0000000e+00   2.3675644e-03
   6.9800000e+01  -3.2000000e+01  -3.2000000e+01  -3.7881030e-02
   6.9900000e+01   1.9000000e+01   1.9000000e+01   2.2491861e-02
   7.0000000e+01  -2.2000000e+01  -2.2000000e+01  -2.6043208e-02
   7.0100000e+01   2.0000000e+00   2.0000000e+00   2.3675644e-03
   7.0200000e+01   2.0000000e+00   2.0000000e+00   2.3675644e-03
   7.0300000e+01  -1.6000000e+01  -1.6000000e+01  -1.8940515e-02
   7.0400000e+01  -1.1000000e+01  -1.1000000e+01  -1.3021604e-02
   7.0500000e+01   0.0000000e+00   0.0000000e+00   0.0000000e+00
   7.0600000e+01   3.3000000e+01   3.3000000e+01   3.9064812e-02
   7.0700000e+01   9.0000000e+00   9.0000000e+00   1.0654040e-02
   7.0800000e+01  -1.0000000e+01  -1.0000000e+01  -1.1837822e-02
   7.0900000e+01  -5.0000000e+00  -5.0000000e+00  -5.9189109e-03
   7.1000000e+01   2.5000000e+01   2.5000000e+01   2.9594555e-02
   7.1100000e+01   4.1000000e+01   4.1000000e+01   4.8535070e-02
   7.1200000e+01  -3.3000000e+01  -3.3000000e+01  -3.9064812e-02
   7.1300000e+01  -2.3000000e+01  -2.3000000e+01  -2.7226990e-02
   7.1400000e+01  -2.8000000e+01  -2.8000000e+01  -3.3145901e-02
   7.1500000e+01   8.0000000e+00   8.0000000e+00   9.4702575e-03
   7.1600000e+01  -9.0000000e+00  -9.0000000e+00  -1.0654040e-02
   7.1700000e+01  -7.0000000e+00  -7.0000000e+00  -8.2864753e-03
   7.1800000e+01  -8.0000000e+00  -8.0000000e+00  -9.4702575e-03
   7.1900000e+01   1.7000000e+01   1.7000000e+01   2.0124297e-02
   7.2000000e+01  -5.0000000e+00  -5.0000000e+00  -5.9189109e-03
   7.2100000e+01  -8.0000000e+00  -8.0000000e+00  -9.4702575e-03
   7.2200000e+01   1.8000000e+01   1.8000000e+01   2.1308079e-02
   7.2300000e+01   1.0000000e+01   1.0000000e+01   1.1837822e-02
   7.2400000e+01  -3.6000000e+01  -3.6000000e+01  -4.2616159e-02
   7.2500000e+01  -2.9000000e+01  -2.9000000e+01  -3.4329683e-02
   7.2600000e+01   3.2000000e+01   3.2000000e+01   3.7881030e-02
   7.2700000e+01   1.8000000e+01   1.8000000e+01   2.1308079e-02
   7.2800000e+01  -1.0000000e+00  -1.0000000e+00  -1.1837822e-03
   7.2900000e+01   1.7000000e+01   1.7000000e+01   2.0124297e-02
   7.3000000e+01  -1.8000000e+01  -1.8000000e+01  -2.1308079e-02
   7.3100000e+01  -1.0000000e+00  -1.0000000e+00  -1.1837822e-03
   7.3200000e+01   1.8000000e+01   1.8000000e+01   2.1308079e-02
   7.3300000e+01   1.1000000e+01   1.1000000e+01   1.3021604e-02
   7.3400000e+01   5.0000000e+00   5.0000000e+00   5.9189109e-03
   7.3500000e+01   2.2000000e+01   2.2000000e+01   2.6043208e-02
   7.3600000e+01   2.6000000e+01   2.6000000e+01   3.0778337e-02
   7.3700000e+01   1.0000000e+00   1.0000000e+00   1.1837822e-03
   7.3800000e+01   1.0000000e+01   1.0000000e+01   1.1837822e-02
   7.3900000e+01   0.0000000e+00   0.0000000e+00   0.0000000e+00
   7.4000000e+01  -3.0000000e+00  -3.0000000e+00  -3.5513466e-03
   7.4100000e+01  -5.0000000e+00  -5.0000000e+00  -5.9189109e-03
   7.4200000e+01  -1.5000000e+01  -1.5000000e+01  -1.7756733e-02
   7.4300000e+01  -1.0000000e+00  -1.0000000e+00  -1.1837822e-03
   7.4400000e+01  -9.0000000e+00  -9.0000000e+00  -1.0654040e-02
   7.4500000e+01  -9.0000000e+00  -9.0000000e+00  -1.0654040e-02
   7.4600000e+01  -1.5000000e+01  -1.5000000e+01  -1.7756733e-02
   7.4700000e+01   1.7000000e+01   1.7000000e+01   2.0124297e-02
   7.4800000e+01  -2.2000000e+01  -2.2000000e+01  -2.6043208e-02
   7.4900000e+01  -1.1000000e+01  -1.1000000e+01  -1.3021604e-02
   7.5000000e+01   2.8000000e+01   2.8000000e+01   3.3145901e-02
   7.5100000e+01  -4.2000000e+01  -4.2000000e+01  -4.9718852e-02
   7.5200000e+01  -3.0000000e+00  -3.0000000e+00  -3.5513466e-03
   7.5300000e+01  -3.2000000e+01  -3.2000000e+01  -3.7881030e-02
   7.5400000e+01  -2.1000000e+01  -2.1000000e+01  -2.4859426e-02
   7.5500000e+01   2.1000000e+01   2.1000000e+01   2.4859426e-02
   7.5600000e+01  -3.3000000e+01  -3.3000000e+01  -3.9064812e-02
   7.5700000e+01  -1.9000000e+01  -1.9000000e+01  -2.2491861e-02
   7.5800000e+01  -1.4000000e+01  -1.4000000e+01  -1.6572951e-02
   7.5900000e+01   9.0000000e+00   9.0000000e+00   1.0654040e-02
   7.6000000e+01  -1.0000000e+01  -1.0000000e+01  -1.1837822e-02
   7.6100000e+01   4.0000000e+00   4.0000000e+00   4.7351287e-03
   7.6200000e+01  -1.3000000e+01  -1.3000000e+01  -1.5389168e-02
   7.6300000e+01  -2.1000000e+01  -2.1000000e+01  -2.4859426e-02
   7.6400000e+01   4.0000000e+00   4.0000000e+00   4.7351287e-03
   7.6500000e+01  -9.0000000e+00  -9.0000000e+00  -1.0654040e-02
   7.6600000e+01   2.5000000e+01   2.5000000e+01   2.9594555e-02
   7.6700000e+01  -2.3000000e+01  -2.3000000e+01  -2.7226990e-02
   7.6800000e+01  -4.0000000e+00  -4.0000000e+00  -4.7351287e-03
   7.6900000e+01   1.4000000e+01   1.4000000e+01   1.6572951e-02
   7.7000000e+01  -1.2000000e+01  -1.2000000e+01  -1.4205386e-02
   7.7100000e+01   1.5000000e+01   1.5000000e+01   1.7756733e-02
   7.7200000e+01  -2.3000000e+01  -2.3000000e+01  -2.7226990e-02
   7.7300000e+01   1.0000000e+01   1.0000000e+01   1.1837822e-02
   7.7400000e+01   1.8000000e+01   1.8000000e+01   2.1308079e-02
   7.7500000e+01  -2.0000000e+01  -2.0000000e+01  -2.3675644e-02
   7.7600000e+01   1.3000000e+01   1.3000000e+01   1.5389168e-02
   7.7700000e+01   3.1000000e+01   3.1000000e+01   3.6697248e-02
   7.7800000e+01   1.0000000e+00   1.0000000e+00   1.1837822e-03
   7.7900000e+01   2.0000000e+01   2.0000000e+01   2.3675644e-02
   7.8000000e+01   4.0000000e+00   4.0000000e+00   4.7351287e-03
   7.8100000e+01  -6.0000000e+00  -6.0000000e+00  -7.1026931e-03
   7.8200000e+01  -5.0000000e+00  -5.0000000e+00  -5.9189109e-03
   7.8300000e+01  -6.0000000e+00  -6.0000000e+00  -7.1026931e-03
   7.8400000e+01   1.8000000e+01   1.8000000e+01   2.1308079e-02
   7.8500000e+01  -2.0000000e+00  -2.0000000e+00  -2.3675644e-03
   7.8600000e+01   4.0000000e+00   4.0000000e+00   4.7351287e-03
   7.8700000e+01  -4.0000000e+00  -4.0000000e+00  -4.7351287e-03
   7.8800000e+01  -1.5000000e+01  -1.5000000e+01  -1.7756733e-02
   7.8900000e+01   2.1000000e+01   2.1000000e+01   2.4859426e-02
   7.9000000e+01   3.0000000e+00   3.0000000e+00   3.5513466e-03
   7.9100000e+01   2.6000000e+01   2.6000000e+01   3.0778337e-02
