   0.0000000e+00   1.9700000e+02   1.9700000e+02   1.4873537e-01
   1.0000000e-01   1.3650000e+03   1.3650000e+03   1.0305776e+00
   2.0000000e-01   1.3190000e+03   1.3190000e+03   9.9584749e-01
   3.0000000e-01   1.3180000e+03   1.3180000e+03   9.9509249e-01
   4.0000000e-01   1.2960000e+03   1.2960000e+03   9.7848245e-01
   5.0000000e-01   1.3180000e+03   1.3180000e+03   9.9509249e-01
   6.0000000e-01   1.1790000e+03   1.1790000e+03   8.9014723e-01
   7.0000000e-01   8.2700000e+02   8.2700000e+02   6.2438656e-01
   8.0000000e-01   8.5900000e+02   8.5900000e+02   6.4854662e-01
   9.0000000e-01   9.0900000e+02   9.0900000e+02   6.8629672e-01
   1.0000000e+00   8.9000000e+02   8.9000000e+02   6.7195168e-01
   1.1000000e+00   8.9000000e+02   8.9000000e+02   6.7195168e-01
   1.2000000e+00   8.4800000e+02   8.4800000e+02   6.4024160e-01
   1.3000000e+00   8.6300000e+02   8.6300000e+02   6.5156663e-01
   1.4000000e+00   8.7200000e+02   8.7200000e+02   6.5836165e-01
   1.5000000e+00   7.0700000e+02   7.0700000e+02   5.3378633e-01
   1.6000000e+00   6.0400000e+02   6.0400000e+02   4.5602114e-01
   1.7000000e+00   5.9700000e+02   5.9700000e+02   4.5073613e-01
   1.8000000e+00   5.5300000e+02   5.5300000e+02   4.1751604e-01
   1.9000000e+00   5.9300000e+02   5.9300000e+02   4.4771612e-01
   2.0000000e+00   5.8200000e+02   5.8200000e+02   4.3941110e-01
   2.1000000e+00   6.2400000e+02   6.2400000e+02   4.7112118e-01
   2.2000000e+00   6.1300000e+02   6.1300000e+02   4.6281616e-01
   2.3000000e+00   6.0500000e+02   6.0500000e+02   4.5677614e-01
   2.4000000e+00   6.6400000e+02   6.6400000e+02   5.0132125e-01
   2.5000000e+00   6.4000000e+02   6.4000000e+02   4.8320121e-01
   2.6000000e+00   5.9900000e+02   5.9900000e+02   4.5224613e-01
   2.7000000e+00   6.5400000e+02   6.5400000e+02   4.9377123e-01
   2.8000000e+00   6.1400000e+02   6.1400000e+02   4.6357116e-01
   2.9000000e+00   6.0300000e+02   6.0300000e+02   4.5526614e-01
   3.0000000e+00   7.0600000e+02   7.0600000e+02   5.3303133e-01
   3.1000000e+00   6.7100000e+02   6.7100000e+02   5.0660627e-01
   3.2000000e+00   5.8900000e+02   5.8900000e+02   4.4469611e-01
   3.3000000e+00   6.1000000e+02   6.1000000e+02   4.6055115e-01
   3.4000000e+00   6.0500000e+02   6.0500000e+02   4.5677614e-01
   3.5000000e+00   5.6300000e+02   5.6300000e+02   4.2506606e-01
   3.6000000e+00   6.3100000e+02   6.3100000e+02   4.7640619e-01
   3.7000000e+00   6.4400000e+02   6.4400000e+02   4.8622122e-01
   3.8000000e+00   6.4400000e+02   6.4400000e+02   4.8622122e-01
   3.9000000e+00   5.6500000e+02   5.6500000e+02   4.2657607e-01
   4.0000000e+00   6.1000000e+02   6.1000000e+02   4.6055115e-01
   4.1000000e+00   6.3300000e+02   6.3300000e+02   4.7791619e-01
   4.2000000e+00   6.3100000e+02   6.3100000e+02   4.7640619e-01
   4.3000000e+00   5.9200000e+02   5.9200000e+02   4.4696112e-01
   4.4000000e+00   5.9300000e+02   5.9300000e+02   4.4771612e-01
   4.5000000e+00   4.5900000e+02   4.5900000e+02   3.4654587e-01
   4.6000000e+00   3.6000000e+02   3.6000000e+02   2.7180068e-01
   4.7000000e+00   4.3000000e+02   4.3000000e+02   3.2465081e-01
   4.8000000e+00   3.5400000e+02   3.5400000e+02   2.6727067e-01
   4.9000000e+00   4.3700000e+02   4.3700000e+02   3.2993582e-01
   5.0000000e+00   4.1000000e+02   4.1000000e+02   3.0955077e-01
   5.1000000e+00   4.0600000e+02   4.0600000e+02   3.0653077e-01
   5.2000000e+00   2.0000000e+02   2.0000000e+02   1.5100038e-01
   5.3000000e+00   1.9100000e+02   1.9100000e+02   1.4420536e-01
   5.4000000e+00   1.9200000e+02   1.9200000e+02   1.4496036e-01
   5.5000000e+00   1.6200000e+02   1.6200000e+02   1.2231031e-01
   5.6000000e+00   1.1300000e+02   1.1300000e+02   8.5315213e-02
   5.7000000e+00   1.5700000e+02   1.5700000e+02   1.1853530e-01
   5.8000000e+00   1.8100000e+02   1.8100000e+02   1.3665534e-01
   5.9000000e+00   1.6500000e+02   1.6500000e+02   1.2457531e-01
   6.0000000e+00   1.2500000e+02   1.2500000e+02   9.4375236e-02
   6.1000000e+00   1.9900000e+02   1.9900000e+02   1.5024538e-01
   6.2000000e+00   1.9300000e+02   1.9300000e+02   1.4571536e-01
   6.3000000e+00   1.5000000e+02   1.5000000e+02   1.1325028e-01
   6.4000000e+00   1.6400000e+02   1.6400000e+02   1.2382031e-01
   6.5000000e+00   1.5300000e+02   1.5300000e+02   1.1551529e-01
   6.6000000e+00   1.3800000e+02   1.3800000e+02   1.0419026e-01
   6.7000000e+00   1.6500000e+02   1.6500000e+02   1.2457531e-01
   6.8000000e+00   1.5700000e+02   1.5700000e+02   1.1853530e-01
   6.9000000e+00   1.3500000e+02   1.3500000e+02   1.0192525e-01
   7.0000000e+00   1.6000000e+02   1.6000000e+02   1.2080030e-01
   7.1000000e+00   1.5000000e+02   1.5000000e+02   1.1325028e-01
   7.2000000e+00   1.5100000e+02   1.5100000e+02   1.1400529e-01
   7.3000000e+00   1.7600000e+02   1.7600000e+02   1.3288033e-01
   7.4000000e+00   1.5900000e+02   1.5900000e+02   1.2004530e-01
   7.5000000e+00   1.9100000e+02   1.9100000e+02   1.4420536e-01
   7.6000000e+00   1.9300000e+02   1.9300000e+02   1.4571536e-01
   7.7000000e+00   1.6300000e+02   1.6300000e+02   1.2306531e-01
   7.8000000e+00   1.4900000e+02   1.4900000e+02   1.1249528e-01
   7.9000000e+00   1.4500000e+02   1.4500000e+02   1.0947527e-01
   8.0000000e+00   1.7700000e+02   1.7700000e+02   1.3363533e-01
   8.1000000e+00   1.4500000e+02   1.4500000e+02   1.0947527e-01
   8.2000000e+00   2.0300000e+02   2.0300000e+02   1.5326538e-01
   8.3000000e+00   1.4800000e+02   1.4800000e+02   1.1174028e-01
   8.4000000e+00   1.3500000e+02   1.3500000e+02   1.0192525e-01
   8.5000000e+00   1.8500000e+02   1.8500000e+02   1.3967535e-01
   8.6000000e+00   1.5100000e+02   1.5100000e+02   1.1400529e-01
   8.7000000e+00   1.5200000e+02   1.5200000e+02   1.1476029e-01
   8.8000000e+00   1.2100000e+02   1.2100000e+02   9.1355228e-02
   8.9000000e+00   1.6000000e+02   1.6000000e+02   1.2080030e-01
   9.0000000e+00   1.6900000e+02   1.6900000e+02   1.2759532e-01
   9.1000000e+00   1.3600000e+02   1.3600000e+02   1.0268026e-01
   9.2000000e+00   1.8200000e+02   1.8200000e+02   1.3741034e-01
   9.3000000e+00   1.7900000e+02   1.7900000e+02   1.3514534e-01
   9.4000000e+00   1.8600000e+02   1.8600000e+02   1.4043035e-01
   9.5000000e+00   1.7300000e+02   1.7300000e+02   1.3061533e-01
   9.6000000e+00   1.3700000e+02   1.3700000e+02   1.0343526e-01
   9.7000000e+00   1.4300000e+02   1.4300000e+02   1.0796527e-01
   9.8000000e+00   1.4500000e+02   1.4500000e+02   1.0947527e-01
   9.9000000e+00   1.5900000e+02   1.5900000e+02   1.2004530e-01
   1.0000000e+01   1.8600000e+02   1.8600000e+02   1.4043035e-01
   1.0100000e+01   1.2000000e+02   1.2000000e+02   9.0600227e-02
   1.0200000e+01   1.5500000e+02   1.5500000e+02   1.1702529e-01
   1.0300000e+01   1.7100000e+02   1.7100000e+02   1.2910532e-01
   1.0400000e+01   1.7300000e+02   1.7300000e+02   1.3061533e-01
   1.0500000e+01   1.7900000e+02   1.7900000e+02   1.3514534e-01
   1.0600000e+01   2.1200000e+02   2.1200000e+02   1.6006040e-01
   1.0700000e+01   1.4900000e+02   1.4900000e+02   1.1249528e-01
   1.0800000e+01   1.5600000e+02   1.5600000e+02   1.1778029e-01
   1.0900000e+01   1.6700000e+02   1.6700000e+02   1.2608532e-01
   1.1000000e+01   1.7700000e+02   1.7700000e+02   1.3363533e-01
   1.1100000e+01   1.3100000e+02   1.3100000e+02   9.8905247e-02
   1.1200000e+01   1.4100000e+02   1.4100000e+02   1.0645527e-01
   1.1300000e+01   1.6600000e+02   1.6600000e+02   1.2533031e-01
   1.1400000e+01   1.4400000e+02   1.4400000e+02   1.0872027e-01
   1.1500000e+01   1.6900000e+02   1.6900000e+02   1.2759532e-01
   1.1600000e+01   1.6000000e+02   1.6000000e+02   1.2080030e-01
   1.1700000e+01   2.2600000e+02   2.2600000e+02   1.7063043e-01
   1.1800000e+01   1.7600000e+02   1.7600000e+02   1.3288033e-01
   1.1900000e+01   1.3000000e+02   1.3000000e+02   9.8150245e-02
   1.2000000e+01   1.6500000e+02   1.6500000e+02   1.2457531e-01
   1.2100000e+01   1.5900000e+02   1.5900000e+02   1.2004530e-01
   1.2200000e+01   1.4400000e+02   1.4400000e+02   1.0872027e-01
   1.2300000e+01   1.6700000e+02   1.6700000e+02   1.2608532e-01
   1.2400000e+01   1.7800000e+02   1.7800000e+02   1.3439034e-01
   1.2500000e+01   1.9400000e+02   1.9400000e+02   1.4647037e-01
   1.2600000e+01   1.7900000e+02   1.7900000e+02   1.3514534e-01
   1.2700000e+01   1.5300000e+02   1.5300000e+02   1.1551529e-01
   1.2800000e+01   1.7000000e+02   1.7000000e+02   1.2835032e-01
   1.2900000e+01   1.7300000e+02   1.7300000e+02   1.3061533e-01
   1.3000000e+01   1.6800000e+02   1.6800000e+02   1.2684032e-01
   1.3100000e+01   1.5200000e+02   1.5200000e+02   1.1476029e-01
   1.3200000e+01   1.9800000e+02   1.9800000e+02   1.4949037e-01
   1.3300000e+01   1.9000000e+02   1.9000000e+02   1.4345036e-01
   1.3400000e+01   1.4600000e+02   1.4600000e+02   1.1023028e-01
   1.3500000e+01   1.3800000e+02   1.3800000e+02   1.0419026e-01
   1.3600000e+01   1.5800000e+02   1.5800000e+02   1.1929030e-01
   1.3700000e+01   1.6000000e+02   1.6000000e+02   1.2080030e-01
   1.3800000e+01   1.6500000e+02   1.6500000e+02   1.2457531e-01
   1.3900000e+01   1.5900000e+02   1.5900000e+02   1.2004530e-01
   1.4000000e+01   1.8300000e+02   1.8300000e+02   1.3816535e-01
   1.4100000e+01   1.4100000e+02   1.4100000e+02   1.0645527e-01
   1.4200000e+01   1.7700000e+02   1.7700000e+02   1.3363533e-01
   1.4300000e+01   1.9100000e+02   1.9100000e+02   1.4420536e-01
   1.4400000e+01   1.7000000e+02   1.7000000e+02   1.2835032e-01
   1.4500000e+01   1.3800000e+02   1.3800000e+02   1.0419026e-01
   1.4600000e+01   1.3900000e+02   1.3900000e+02   1.0494526e-01
   1.4700000e+01   1.6800000e+02   1.6800000e+02   1.2684032e-01
   1.4800000e+01   1.6000000e+02   1.6000000e+02   1.2080030e-01
   1.4900000e+01   1.9400000e+02   1.9400000e+02   1.4647037e-01
   1.5000000e+01   1.5100000e+02   1.5100000e+02   1.1400529e-01
   1.5100000e+01   1.6800000e+02   1.6800000e+02   1.2684032e-01
   1.5200000e+01   1.2200000e+02   1.2200000e+02   9.2110230e-02
   1.5300000e+01   1.8100000e+02   1.8100000e+02   1.3665534e-01
   1.5400000e+01   1.4800000e+02   1.4800000e+02   1.1174028e-01
   1.5500000e+01   1.3600000e+02   1.3600000e+02   1.0268026e-01
   1.5600000e+01   1.8600000e+02   1.8600000e+02   1.4043035e-01
   1.5700000e+01   1.7300000e+02   1.7300000e+02   1.3061533e-01
   1.5800000e+01   1.9600000e+02   1.9600000e+02   1.4798037e-01
   1.5900000e+01   2.0600000e+02   2.0600000e+02   1.5553039e-01
   1.6000000e+01   1.6000000e+02   1.6000000e+02   1.2080030e-01
   1.6100000e+01   1.6700000e+02   1.6700000e+02   1.2608532e-01
   1.6200000e+01   1.7500000e+02   1.7500000e+02   1.3212533e-01
   1.6300000e+01   1.6200000e+02   1.6200000e+02   1.2231031e-01
   1.6400000e+01   1.7700000e+02   1.7700000e+02   1.3363533e-01
   1.6500000e+01   1.4600000e+02   1.4600000e+02   1.1023028e-01
   1.6600000e+01   1.2500000e+02   1.2500000e+02   9.4375236e-02
   1.6700000e+01   1.1900000e+02   1.1900000e+02   8.9845225e-02
   1.6800000e+01   1.8400000e+02   1.8400000e+02   1.3892035e-01
   1.6900000e+01   2.0400000e+02   2.0400000e+02   1.5402039e-01
   1.7000000e+01   1.5800000e+02   1.5800000e+02   1.1929030e-01
   1.7100000e+01   1.8400000e+02   1.8400000e+02   1.3892035e-01
   1.7200000e+01   1.4000000e+02   1.4000000e+02   1.0570026e-01
   1.7300000e+01   2.0500000e+02   2.0500000e+02   1.5477539e-01
   1.7400000e+01   1.8500000e+02   1.8500000e+02   1.3967535e-01
   1.7500000e+01   1.6700000e+02   1.6700000e+02   1.2608532e-01
   1.7600000e+01   1.4400000e+02   1.4400000e+02   1.0872027e-01
   1.7700000e+01   1.5300000e+02   1.5300000e+02   1.1551529e-01
   1.7800000e+01   1.7200000e+02   1.7200000e+02   1.2986032e-01
   1.7900000e+01   1.5000000e+02   1.5000000e+02   1.1325028e-01
   1.8000000e+01   1.7700000e+02   1.7700000e+02   1.3363533e-01
   1.8100000e+01   1.4100000e+02   1.4100000e+02   1.0645527e-01
   1.8200000e+01   1.9800000e+02   1.9800000e+02   1.4949037e-01
   1.8300000e+01   1.9900000e+02   1.9900000e+02   1.5024538e-01
   1.8400000e+01   1.3500000e+02   1.3500000e+02   1.0192525e-01
   1.8500000e+01   1.5800000e+02   1.5800000e+02   1.1929030e-01
   1.8600000e+01   1.7100000e+02   1.7100000e+02   1.2910532e-01
   1.8700000e+01   1.8000000e+02   1.8000000e+02   1.3590034e-01
   1.8800000e+01   1.5600000e+02   1.5600000e+02   1.1778029e-01
   1.8900000e+01   1.5900000e+02   1.5900000e+02   1.2004530e-01
   1.9000000e+01   1.6100000e+02   1.6100000e+02   1.2155530e-01
   1.9100000e+01   1.8300000e+02   1.8300000e+02   1.3816535e-01
   1.9200000e+01   1.5400000e+02   1.5400000e+02   1.1627029e-01
   1.9300000e+01   1.6400000e+02   1.6400000e+02   1.2382031e-01
   1.9400000e+01   1.6100000e+02   1.6100000e+02   1.2155530e-01
   1.9500000e+01   1.6700000e+02   1.6700000e+02   1.2608532e-01
   1.9600000e+01   1.7200000e+02   1.7200000e+02   1.2986032e-01
   1.9700000e+01   1.6300000e+02   1.6300000e+02   1.2306531e-01
   1.9800000e+01   2.0000000e+02   2.0000000e+02   1.5100038e-01
   1.9900000e+01   1.5400000e+02   1.5400000e+02   1.1627029e-01
   2.0000000e+01   1.9900000e+02   1.9900000e+02   1.5024538e-01
   2.0100000e+01   1.6200000e+02   1.6200000e+02   1.2231031e-01
   2.0200000e+01   1.7500000e+02   1.7500000e+02   1.3212533e-01
   2.0300000e+01   1.4700000e+02   1.4700000e+02   1.1098528e-01
   2.0400000e+01   1.6000000e+02   1.6000000e+02   1.2080030e-01
   2.0500000e+01   1.5300000e+02   1.5300000e+02   1.1551529e-01
   2.0600000e+01   2.0400000e+02   2.0400000e+02   1.5402039e-01
   2.0700000e+01   1.2500000e+02   1.2500000e+02   9.4375236e-02
   2.0800000e+01   1.4500000e+02   1.4500000e+02   1.0947527e-01
   2.0900000e+01   1.3600000e+02   1.3600000e+02   1.0268026e-01
   2.1000000e+01   2.1100000e+02   2.1100000e+02   1.5930540e-01
   2.1100000e+01   1.7100000e+02   1.7100000e+02   1.2910532e-01
   2.1200000e+01   1.7500000e+02   1.7500000e+02   1.3212533e-01
   2.1300000e+01   2.1100000e+02   2.1100000e+02   1.5930540e-01
   2.1400000e+01   1.8500000e+02   1.8500000e+02   1.3967535e-01
   2.1500000e+01   1.5500000e+02   1.5500000e+02   1.1702529e-01
   2.1600000e+01   1.9200000e+02   1.9200000e+02   1.4496036e-01
   2.1700000e+01   1.5300000e+02   1.5300000e+02   1.1551529e-01
   2.1800000e+01   1.6400000e+02   1.6400000e+02   1.2382031e-01
   2.1900000e+01   1.5400000e+02   1.5400000e+02   1.1627029e-01
   2.2000000e+01   1.5400000e+02   1.5400000e+02   1.1627029e-01
   2.2100000e+01   1.7200000e+02   1.7200000e+02   1.2986032e-01
   2.2200000e+01   1.4900000e+02   1.4900000e+02   1.1249528e-01
   2.2300000e+01   1.8900000e+02   1.8900000e+02   1.4269536e-01
   2.2400000e+01   1.7200000e+02   1.7200000e+02   1.2986032e-01
   2.2500000e+01   1.6400000e+02   1.6400000e+02   1.2382031e-01
   2.2600000e+01   1.4500000e+02   1.4500000e+02   1.0947527e-01
   2.2700000e+01   1.9700000e+02   1.9700000e+02   1.4873537e-01
   2.2800000e+01   1.7300000e+02   1.7300000e+02   1.3061533e-01
   2.2900000e+01   1.7100000e+02   1.7100000e+02   1.2910532e-01
   2.3000000e+01   1.6600000e+02   1.6600000e+02   1.2533031e-01
   2.3100000e+01   1.2900000e+02   1.2900000e+02   9.7395243e-02
   2.3200000e+01   1.5800000e+02   1.5800000e+02   1.1929030e-01
   2.3300000e+01   1.6900000e+02   1.6900000e+02   1.2759532e-01
   2.3400000e+01   1.4800000e+02   1.4800000e+02   1.1174028e-01
   2.3500000e+01   1.7900000e+02   1.7900000e+02   1.3514534e-01
   2.3600000e+01   1.9800000e+02   1.9800000e+02   1.4949037e-01
   2.3700000e+01   1.7800000e+02   1.7800000e+02   1.3439034e-01
   2.3800000e+01   1.4800000e+02   1.4800000e+02   1.1174028e-01
   2.3900000e+01   1.2700000e+02   1.2700000e+02   9.5885240e-02
   2.4000000e+01   1.6700000e+02   1.6700000e+02   1.2608532e-01
   2.4100000e+01   1.4800000e+02   1.4800000e+02   1.1174028e-01
   2.4200000e+01   1.4900000e+02   1.4900000e+02   1.1249528e-01
   2.4300000e+01   1.8100000e+02   1.8100000e+02   1.3665534e-01
   2.4400000e+01   1.8300000e+02   1.8300000e+02   1.3816535e-01
   2.4500000e+01   1.4700000e+02   1.4700000e+02   1.1098528e-01
   2.4600000e+01   1.8200000e+02   1.8200000e+02   1.3741034e-01
   2.4700000e+01   1.7600000e+02   1.7600000e+02   1.3288033e-01
   2.4800000e+01   1.6600000e+02   1.6600000e+02   1.2533031e-01
   2.4900000e+01   1.6300000e+02   1.6300000e+02   1.2306531e-01
   2.5000000e+01   1.6800000e+02   1.6800000e+02   1.2684032e-01
   2.5100000e+01   1.5500000e+02   1.5500000e+02   1.1702529e-01
   2.5200000e+01   1.5400000e+02   1.5400000e+02   1.1627029e-01
   2.5300000e+01   1.8100000e+02   1.8100000e+02   1.3665534e-01
   2.5400000e+01   1.5500000e+02   1.5500000e+02   1.1702529e-01
   2.5500000e+01   1.5800000e+02   1.5800000e+02   1.1929030e-01
   2.5600000e+01   1.4800000e+02   1.4800000e+02   1.1174028e-01
   2.5700000e+01   1.8600000e+02   1.8600000e+02   1.4043035e-01
   2.5800000e+01   1.6900000e+02   1.6900000e+02   1.2759532e-01
   2.5900000e+01   1.7300000e+02   1.7300000e+02   1.3061533e-01
   2.6000000e+01   1.4100000e+02   1.4100000e+02   1.0645527e-01
   2.6100000e+01   2.3600000e+02   2.3600000e+02   1.7818045e-01
   2.6200000e+01   1.4200000e+02   1.4200000e+02   1.0721027e-01
   2.6300000e+01   1.5800000e+02   1.5800000e+02   1.1929030e-01
   2.6400000e+01   1.8400000e+02   1.8400000e+02   1.3892035e-01
   2.6500000e+01   1.9900000e+02   1.9900000e+02   1.5024538e-01
   2.6600000e+01   1.4600000e+02   1.4600000e+02   1.1023028e-01
   2.6700000e+01   1.6200000e+02   1.6200000e+02   1.2231031e-01
   2.6800000e+01   1.8000000e+02   1.8000000e+02   1.3590034e-01
   2.6900000e+01   1.4500000e+02   1.4500000e+02   1.0947527e-01
   2.7000000e+01   1.5800000e+02   1.5800000e+02   1.1929030e-01
   2.7100000e+01   1.6800000e+02   1.6800000e+02   1.2684032e-01
   2.7200000e+01   1.5300000e+02   1.5300000e+02   1.1551529e-01
   2.7300000e+01   1.4000000e+02   1.4000000e+02   1.0570026e-01
   2.7400000e+01   1.5000000e+02   1.5000000e+02   1.1325028e-01
   2.7500000e+01   1.3100000e+02   1.3100000e+02   9.8905247e-02
   2.7600000e+01   1.6300000e+02   1.6300000e+02   1.2306531e-01
   2.7700000e+01   1.7700000e+02   1.7700000e+02   1.3363533e-01
   2.7800000e+01   1.7600000e+02   1.7600000e+02   1.3288033e-01
   2.7900000e+01   1.8600000e+02   1.8600000e+02   1.4043035e-01
   2.8000000e+01   2.0800000e+02   2.0800000e+02   1.5704039e-01
   2.8100000e+01   1.4600000e+02   1.4600000e+02   1.1023028e-01
   2.8200000e+01   1.7400000e+02   1.7400000e+02   1.3137033e-01
   2.8300000e+01   1.7900000e+02   1.7900000e+02   1.3514534e-01
   2.8400000e+01   1.8900000e+02   1.8900000e+02   1.4269536e-01
   2.8500000e+01   1.7400000e+02   1.7400000e+02   1.3137033e-01
   2.8600000e+01   1.6400000e+02   1.6400000e+02   1.2382031e-01
   2.8700000e+01   2.1300000e+02   2.1300000e+02   1.6081540e-01
   2.8800000e+01   1.4400000e+02   1.4400000e+02   1.0872027e-01
   2.8900000e+01   1.6400000e+02   1.6400000e+02   1.2382031e-01
   2.9000000e+01   1.2900000e+02   1.2900000e+02   9.7395243e-02
   2.9100000e+01   1.3300000e+02   1.3300000e+02   1.0041525e-01
   2.9200000e+01   1.7400000e+02   1.7400000e+02   1.3137033e-01
   2.9300000e+01   1.9000000e+02   1.9000000e+02   1.4345036e-01
   2.9400000e+01   1.7600000e+02   1.7600000e+02   1.3288033e-01
   2.9500000e+01   1.5300000e+02   1.5300000e+02   1.1551529e-01
   2.9600000e+01   1.2700000e+02   1.2700000e+02   9.5885240e-02
   2.9700000e+01   1.4500000e+02   1.4500000e+02   1.0947527e-01
   2.9800000e+01   2.1400000e+02   2.1400000e+02   1.6157040e-01
   2.9900000e+01   1.2200000e+02   1.2200000e+02   9.2110230e-02
   3.0000000e+01   1.6100000e+02   1.6100000e+02   1.2155530e-01
   3.0100000e+01   1.6800000e+02   1.6800000e+02   1.2684032e-01
   3.0200000e+01   1.7300000e+02   1.7300000e+02   1.3061533e-01
   3.0300000e+01   1.8900000e+02   1.8900000e+02   1.4269536e-01
   3.0400000e+01   1.3500000e+02   1.3500000e+02   1.0192525e-01
   3.0500000e+01   1.5000000e+02   1.5000000e+02   1.1325028e-01
   3.0600000e+01   1.4200000e+02   1.4200000e+02   1.0721027e-01
   3.0700000e+01   1.4700000e+02   1.4700000e+02   1.1098528e-01
   3.0800000e+01   1.3000000e+02   1.3000000e+02   9.8150245e-02
   3.0900000e+01   1.1900000e+02   1.1900000e+02   8.9845225e-02
   3.1000000e+01   1.4400000e+02   1.4400000e+02   1.0872027e-01
   3.1100000e+01   1.7300000e+02   1.7300000e+02   1.3061533e-01
   3.1200000e+01   1.6800000e+02   1.6800000e+02   1.2684032e-01
   3.1300000e+01   1.3600000e+02   1.3600000e+02   1.0268026e-01
   3.1400000e+01   1.6500000e+02   1.6500000e+02   1.2457531e-01
   3.1500000e+01   1.7200000e+02   1.7200000e+02   1.2986032e-01
   3.1600000e+01   1.7800000e+02   1.7800000e+02   1.3439034e-01
   3.1700000e+01   1.8500000e+02   1.8500000e+02   1.3967535e-01
   3.1800000e+01   1.5300000e+02   1.5300000e+02   1.1551529e-01
   3.1900000e+01   1.3800000e+02   1.3800000e+02   1.0419026e-01
   3.2000000e+01   1.6500000e+02   1.6500000e+02   1.2457531e-01
   3.2100000e+01   1.6600000e+02   1.6600000e+02   1.2533031e-01
   3.2200000e+01   1.3200000e+02   1.3200000e+02   9.9660249e-02
   3.2300000e+01   1.1700000e+02   1.1700000e+02   8.8335221e-02
   3.2400000e+01   1.3900000e+02   1.3900000e+02   1.0494526e-01
   3.2500000e+01   1.3100000e+02   1.3100000e+02   9.8905247e-02
   3.2600000e+01   1.6400000e+02   1.6400000e+02   1.2382031e-01
   3.2700000e+01   1.3700000e+02   1.3700000e+02   1.0343526e-01
   3.2800000e+01   1.5400000e+02   1.5400000e+02   1.1627029e-01
   3.2900000e+01   1.7200000e+02   1.7200000e+02   1.2986032e-01
   3.3000000e+01   1.7400000e+02   1.7400000e+02   1.3137033e-01
   3.3100000e+01   1.5600000e+02   1.5600000e+02   1.1778029e-01
   3.3200000e+01   1.5700000e+02   1.5700000e+02   1.1853530e-01
   3.3300000e+01   1.5000000e+02   1.5000000e+02   1.1325028e-01
   3.3400000e+01   1.5200000e+02   1.5200000e+02   1.1476029e-01
   3.3500000e+01   1.5800000e+02   1.5800000e+02   1.1929030e-01
   3.3600000e+01   1.3000000e+02   1.3000000e+02   9.8150245e-02
   3.3700000e+01   1.3700000e+02   1.3700000e+02   1.0343526e-01
   3.3800000e+01   1.8500000e+02   1.8500000e+02   1.3967535e-01
   3.3900000e+01   1.4900000e+02   1.4900000e+02   1.1249528e-01
   3.4000000e+01   1.3300000e+02   1.3300000e+02   1.0041525e-01
   3.4100000e+01   1.3500000e+02   1.3500000e+02   1.0192525e-01
   3.4200000e+01   1.2800000e+02   1.2800000e+02   9.6640242e-02
   3.4300000e+01   1.7800000e+02   1.7800000e+02   1.3439034e-01
   3.4400000e+01   1.2800000e+02   1.2800000e+02   9.6640242e-02
   3.4500000e+01   2.0300000e+02   2.0300000e+02   1.5326538e-01
   3.4600000e+01   2.0300000e+02   2.0300000e+02   1.5326538e-01
   3.4700000e+01   1.8100000e+02   1.8100000e+02   1.3665534e-01
   3.4800000e+01   1.3600000e+02   1.3600000e+02   1.0268026e-01
   3.4900000e+01   1.9500000e+02   1.9500000e+02   1.4722537e-01
   3.5000000e+01   1.9400000e+02   1.9400000e+02   1.4647037e-01
   3.5100000e+01   1.8300000e+02   1.8300000e+02   1.3816535e-01
   3.5200000e+01   1.4400000e+02   1.4400000e+02   1.0872027e-01
   3.5300000e+01   1.5000000e+02   1.5000000e+02   1.1325028e-01
   3.5400000e+01   1.5300000e+02   1.5300000e+02   1.1551529e-01
   3.5500000e+01   1.3500000e+02   1.3500000e+02   1.0192525e-01
   3.5600000e+01   1.6000000e+02   1.6000000e+02   1.2080030e-01
   3.5700000e+01   1.8700000e+02   1.8700000e+02   1.4118535e-01
   3.5800000e+01   1.8000000e+02   1.8000000e+02   1.3590034e-01
   3.5900000e+01   1.6900000e+02   1.6900000e+02   1.2759532e-01
   3.6000000e+01   1.5400000e+02   1.5400000e+02   1.1627029e-01
   3.6100000e+01   1.2100000e+02   1.2100000e+02   9.1355228e-02
   3.6200000e+01   1.3700000e+02   1.3700000e+02   1.0343526e-01
   3.6300000e+01   1.7400000e+02   1.7400000e+02   1.3137033e-01
   3.6400000e+01   1.2700000e+02   1.2700000e+02   9.5885240e-02
   3.6500000e+01   1.3800000e+02   1.3800000e+02   1.0419026e-01
   3.6600000e+01   1.4000000e+02   1.4000000e+02   1.0570026e-01
   3.6700000e+01   1.6700000e+02   1.6700000e+02   1.2608532e-01
   3.6800000e+01   1.7300000e+02   1.7300000e+02   1.3061533e-01
   3.6900000e+01   1.6400000e+02   1.6400000e+02   1.2382031e-01
   3.7000000e+01   1.6500000e+02   1.6500000e+02   1.2457531e-01
   3.7100000e+01   1.8000000e+02   1.8000000e+02   1.3590034e-01
   3.7200000e+01   1.4300000e+02   1.4300000e+02   1.0796527e-01
   3.7300000e+01   1.5900000e+02   1.5900000e+02   1.2004530e-01
   3.7400000e+01   1.5000000e+02   1.5000000e+02   1.1325028e-01
   3.7500000e+01   1.7200000e+02   1.7200000e+02   1.2986032e-01
   3.7600000e+01   1.9400000e+02   1.9400000e+02   1.4647037e-01
   3.7700000e+01   1.4700000e+02   1.4700000e+02   1.1098528e-01
   3.7800000e+01   1.5200000e+02   1.5200000e+02   1.1476029e-01
   3.7900000e+01   1.6200000e+02   1.6200000e+02   1.2231031e-01
   3.8000000e+01   1.7900000e+02   1.7900000e+02   1.3514534e-01
   3.8100000e+01   1.5700000e+02   1.5700000e+02   1.1853530e-01
   3.8200000e+01   1.6200000e+02   1.6200000e+02   1.2231031e-01
   3.8300000e+01   1.7900000e+02   1.7900000e+02   1.3514534e-01
   3.8400000e+01   1.5900000e+02   1.5900000e+02   1.2004530e-01
   3.8500000e+01   1.9500000e+02   1.9500000e+02   1.4722537e-01
   3.8600000e+01   1.3600000e+02   1.3600000e+02   1.0268026e-01
   3.8700000e+01   1.9800000e+02   1.9800000e+02   1.4949037e-01
   3.8800000e+01   1.5400000e+02   1.5400000e+02   1.1627029e-01
   3.8900000e+01   1.4700000e+02   1.4700000e+02   1.1098528e-01
   3.9000000e+01   1.5200000e+02   1.5200000e+02   1.1476029e-01
   3.9100000e+01   1.7600000e+02   1.7600000e+02   1.3288033e-01
   3.9200000e+01   1.7200000e+02   1.7200000e+02   1.2986032e-01
   3.9300000e+01   1.6000000e+02   1.6000000e+02   1.2080030e-01
   3.9400000e+01   1.3500000e+02   1.3500000e+02   1.0192525e-01
   3.9500000e+01   1.4600000e+02   1.4600000e+02   1.1023028e-01
   3.9600000e+01   1.5600000e+02   1.5600000e+02   1.1778029e-01
   3.9700000e+01   1.5400000e+02   1.5400000e+02   1.1627029e-01
   3.9800000e+01   1.4600000e+02   1.4600000e+02   1.1023028e-01
   3.9900000e+01   1.6100000e+02   1.6100000e+02   1.2155530e-01
   4.0000000e+01   1.3500000e+02   1.3500000e+02   1.0192525e-01
   4.0100000e+01   1.6000000e+02   1.6000000e+02   1.2080030e-01
   4.0200000e+01   1.6200000e+02   1.6200000e+02   1.2231031e-01
   4.0300000e+01   1.7100000e+02   1.7100000e+02   1.2910532e-01
   4.0400000e+01   1.9100000e+02   1.9100000e+02   1.4420536e-01
   4.0500000e+01   1.6300000e+02   1.6300000e+02   1.2306531e-01
   4.0600000e+01   1.4300000e+02   1.4300000e+02   1.0796527e-01
   4.0700000e+01   1.5200000e+02   1.5200000e+02   1.1476029e-01
   4.0800000e+01   1.5900000e+02   1.5900000e+02   1.2004530e-01
   4.0900000e+01   1.5100000e+02   1.5100000e+02   1.1400529e-01
   4.1000000e+01   1.5100000e+02   1.5100000e+02   1.1400529e-01
   4.1100000e+01   1.5500000e+02   1.5500000e+02   1.1702529e-01
   4.1200000e+01   1.3600000e+02   1.3600000e+02   1.0268026e-01
   4.1300000e+01   1.8400000e+02   1.8400000e+02   1.3892035e-01
   4.1400000e+01   1.5200000e+02   1.5200000e+02   1.1476029e-01
   4.1500000e+01   1.6900000e+02   1.6900000e+02   1.2759532e-01
   4.1600000e+01   1.5800000e+02   1.5800000e+02   1.1929030e-01
   4.1700000e+01   1.5900000e+02   1.5900000e+02   1.2004530e-01
   4.1800000e+01   1.4600000e+02   1.4600000e+02   1.1023028e-01
   4.1900000e+01   1.6600000e+02   1.6600000e+02   1.2533031e-01
   4.2000000e+01   1.6800000e+02   1.6800000e+02   1.2684032e-01
   4.2100000e+01   1.9100000e+02   1.9100000e+02   1.4420536e-01
   4.2200000e+01   1.5000000e+02   1.5000000e+02   1.1325028e-01
   4.2300000e+01   1.6500000e+02   1.6500000e+02   1.2457531e-01
   4.2400000e+01   1.9900000e+02   1.9900000e+02   1.5024538e-01
   4.2500000e+01   1.7100000e+02   1.7100000e+02   1.2910532e-01
   4.2600000e+01   1.4400000e+02   1.4400000e+02   1.0872027e-01
   4.2700000e+01   1.8100000e+02   1.8100000e+02   1.3665534e-01
   4.2800000e+01   1.8800000e+02   1.8800000e+02   1.4194035e-01
   4.2900000e+01   1.5500000e+02   1.5500000e+02   1.1702529e-01
   4.3000000e+01   1.7500000e+02   1.7500000e+02   1.3212533e-01
   4.3100000e+01   2.1000000e+02   2.1000000e+02   1.5855040e-01
   4.3200000e+01   1.3800000e+02   1.3800000e+02   1.0419026e-01
   4.3300000e+01   1.2400000e+02   1.2400000e+02   9.3620234e-02
   4.3400000e+01   1.5400000e+02   1.5400000e+02   1.1627029e-01
   4.3500000e+01   1.7800000e+02   1.7800000e+02   1.3439034e-01
   4.3600000e+01   1.6400000e+02   1.6400000e+02   1.2382031e-01
   4.3700000e+01   1.6800000e+02   1.6800000e+02   1.2684032e-01
   4.3800000e+01   1.6900000e+02   1.6900000e+02   1.2759532e-01
   4.3900000e+01   1.5800000e+02   1.5800000e+02   1.1929030e-01
   4.4000000e+01   1.4400000e+02   1.4400000e+02   1.0872027e-01
   4.4100000e+01   1.7400000e+02   1.7400000e+02   1.3137033e-01
   4.4200000e+01   1.7100000e+02   1.7100000e+02   1.2910532e-01
   4.4300000e+01   1.4300000e+02   1.4300000e+02   1.0796527e-01
   4.4400000e+01   1.1900000e+02   1.1900000e+02   8.9845225e-02
   4.4500000e+01   1.5500000e+02   1.5500000e+02   1.1702529e-01
   4.4600000e+01   1.4600000e+02   1.4600000e+02   1.1023028e-01
   4.4700000e+01   1.1700000e+02   1.1700000e+02   8.8335221e-02
   4.4800000e+01   1.4100000e+02   1.4100000e+02   1.0645527e-01
   4.4900000e+01   1.5900000e+02   1.5900000e+02   1.2004530e-01
   4.5000000e+01   1.6900000e+02   1.6900000e+02   1.2759532e-01
   4.5100000e+01   1.6400000e+02   1.6400000e+02   1.2382031e-01
   4.5200000e+01   1.0300000e+02   1.0300000e+02   7.7765194e-02
   4.5300000e+01   1.4900000e+02   1.4900000e+02   1.1249528e-01
   4.5400000e+01   1.1500000e+02   1.1500000e+02   8.6825217e-02
   4.5500000e+01   1.6200000e+02   1.6200000e+02   1.2231031e-01
   4.5600000e+01   1.5100000e+02   1.5100000e+02   1.1400529e-01
   4.5700000e+01   1.5500000e+02   1.5500000e+02   1.1702529e-01
   4.5800000e+01   1.5300000e+02   1.5300000e+02   1.1551529e-01
   4.5900000e+01   1.5600000e+02   1.5600000e+02   1.1778029e-01
   4.6000000e+01   1.9600000e+02   1.9600000e+02   1.4798037e-01
   4.6100000e+01   1.7800000e+02   1.7800000e+02   1.3439034e-01
   4.6200000e+01   1.4900000e+02   1.4900000e+02   1.1249528e-01
   4.6300000e+01   1.6300000e+02   1.6300000e+02   1.2306531e-01
   4.6400000e+01   1.6300000e+02   1.6300000e+02   1.2306531e-01
   4.6500000e+01   1.7400000e+02   1.7400000e+02   1.3137033e-01
   4.6600000e+01   1.5900000e+02   1.5900000e+02   1.2004530e-01
   4.6700000e+01   1.4200000e+02   1.4200000e+02   1.0721027e-01
   4.6800000e+01   1.4600000e+02   1.4600000e+02   1.1023028e-01
   4.6900000e+01   1.3600000e+02   1.3600000e+02   1.0268026e-01
   4.7000000e+01   1.5100000e+02   1.5100000e+02   1.1400529e-01
   4.7100000e+01   1.8400000e+02   1.8400000e+02   1.3892035e-01
   4.7200000e+01   1.5500000e+02   1.5500000e+02   1.1702529e-01
   4.7300000e+01   1.5100000e+02   1.5100000e+02   1.1400529e-01
   4.7400000e+01   1.6800000e+02   1.6800000e+02   1.2684032e-01
   4.7500000e+01   1.7300000e+02   1.7300000e+02   1.3061533e-01
   4.7600000e+01   1.3700000e+02   1.3700000e+02   1.0343526e-01
   4.7700000e+01   1.8000000e+02   1.8000000e+02   1.3590034e-01
   4.7800000e+01   1.7600000e+02   1.7600000e+02   1.3288033e-01
   4.7900000e+01   1.3600000e+02   1.3600000e+02   1.0268026e-01
   4.8000000e+01   1.4600000e+02   1.4600000e+02   1.1023028e-01
   4.8100000e+01   1.2800000e+02   1.2800000e+02   9.6640242e-02
   4.8200000e+01   1.6800000e+02   1.6800000e+02   1.2684032e-01
   4.8300000e+01   1.4300000e+02   1.4300000e+02   1.0796527e-01
   4.8400000e+01   1.5300000e+02   1.5300000e+02   1.1551529e-01
   4.8500000e+01   1.4200000e+02   1.4200000e+02   1.0721027e-01
   4.8600000e+01   1.8300000e+02   1.8300000e+02   1.3816535e-01
   4.8700000e+01   1.6400000e+02   1.6400000e+02   1.2382031e-01
   4.8800000e+01   1.1900000e+02   1.1900000e+02   8.9845225e-02
   4.8900000e+01   1.4200000e+02   1.4200000e+02   1.0721027e-01
   4.9000000e+01   1.5200000e+02   1.5200000e+02   1.1476029e-01
   4.9100000e+01   1.7400000e+02   1.7400000e+02   1.3137033e-01
   4.9200000e+01   1.7100000e+02   1.7100000e+02   1.2910532e-01
   4.9300000e+01   1.6900000e+02   1.6900000e+02   1.2759532e-01
   4.9400000e+01   1.3500000e+02   1.3500000e+02   1.0192525e-01
   4.9500000e+01   1.7500000e+02   1.7500000e+02   1.3212533e-01
   4.9600000e+01   1.3700000e+02   1.3700000e+02   1.0343526e-01
   4.9700000e+01   1.5900000e+02   1.5900000e+02   1.2004530e-01
   4.9800000e+01   1.2300000e+02   1.2300000e+02   9.2865232e-02
   4.9900000e+01   1.1200000e+02   1.1200000e+02   8.4560211e-02
   5.0000000e+01   1.4800000e+02   1.4800000e+02   1.1174028e-01
   5.0100000e+01   1.8400000e+02   1.8400000e+02   1.3892035e-01
   5.0200000e+01   2.3000000e+01   2.3000000e+01   1.7365043e-02
   5.0300000e+01   1.5000000e+01   1.5000000e+01   1.1325028e-02
   5.0400000e+01  -1.7000000e+01  -1.7000000e+01  -1.2835032e-02
   5.0500000e+01  -3.4000000e+01  -3.4000000e+01  -2.5670064e-02
   5.0600000e+01   4.0000000e+00   4.0000000e+00   3.0200076e-03
   5.0700000e+01   4.7000000e+01   4.7000000e+01   3.5485089e-02
   5.0800000e+01   5.0000000e+00   5.0000000e+00   3.7750094e-03
   5.0900000e+01   3.3000000e+01   3.3000000e+01   2.4915062e-02
   5.1000000e+01  -1.4000000e+01  -1.4000000e+01  -1.0570026e-02
   5.1100000e+01   1.3000000e+01   1.3000000e+01   9.8150245e-03
   5.1200000e+01   2.3000000e+01   2.3000000e+01   1.7365043e-02
   5.1300000e+01   2.9000000e+01   2.9000000e+01   2.1895055e-02
   5.1400000e+01  -1.7000000e+01  -1.7000000e+01  -1.2835032e-02
   5.1500000e+01  -6.0000000e+00  -6.0000000e+00  -4.5300113e-03
   5.1600000e+01   1.6000000e+01   1.6000000e+01   1.2080030e-02
   5.1700000e+01   7.0000000e+00   7.0000000e+00   5.2850132e-03
   5.1800000e+01  -7.0000000e+00  -7.0000000e+00  -5.2850132e-03
   5.1900000e+01  -8.0000000e+00  -8.0000000e+00  -6.0400151e-03
   5.2000000e+01  -1.4000000e+01  -1.4000000e+01  -1.0570026e-02
   5.2100000e+01   3.8000000e+01   3.8000000e+01   2.8690072e-02
   5.2200000e+01  -3.0000000e+00  -3.0000000e+00  -2.2650057e-03
   5.2300000e+01  -1.0000000e+00  -1.0000000e+00  -7.5500189e-04
   5.2400000e+01  -2.0000000e+00  -2.0000000e+00  -1.5100038e-03
   5.2500000e+01  -1.0000000e+00  -1.0000000e+00  -7.5500189e-04
   5.2600000e+01   1.1000000e+01   1.1000000e+01   8.3050208e-03
   5.2700000e+01  -1.2000000e+01  -1.2000000e+01  -9.0600227e-03
   5.2800000e+01  -2.4000000e+01  -2.4000000e+01  -1.8120045e-02
   5.2900000e+01   8.0000000e+00   8.0000000e+00   6.0400151e-03
   5.3000000e+01  -2.1000000e+01  -2.1000000e+01  -1.5855040e-02
   5.3100000e+01   0.0000000e+00   0.0000000e+00   0.0000000e+00
   5.3200000e+01  -8.0000000e+00  -8.0000000e+00  -6.0400151e-03
   5.3300000e+01  -1.0000000e+00  -1.0000000e+00  -7.5500189e-04
   5.3400000e+01   3.4000000e+01   3.4000000e+01   2.5670064e-02
   5.3500000e+01   7.0000000e+00   7.0000000e+00   5.2850132e-03
   5.3600000e+01  -1.3000000e+01  -1.3000000e+01  -9.8150245e-03
   5.3700000e+01   4.6000000e+01   4.6000000e+01   3.4730087e-02
   5.3800000e+01  -2.7000000e+01  -2.7000000e+01  -2.0385051e-02
   5.3900000e+01   1.2000000e+01   1.2000000e+01   9.0600227e-03
   5.4000000e+01   1.5000000e+01   1.5000000e+01   1.1325028e-02
   5.4100000e+01  -2.4000000e+01  -2.4000000e+01  -1.8120045e-02
   5.4200000e+01  -1.2000000e+01  -1.2000000e+01  -9.0600227e-03
   5.4300000e+01   2.1000000e+01   2.1000000e+01   1.5855040e-02
   5.4400000e+01   2.0000000e+00   2.0000000e+00   1.5100038e-03
   5.4500000e+01  -1.6000000e+01  -1.6000000e+01  -1.2080030e-02
   5.4600000e+01   5.0000000e+00   5.0000000e+00   3.7750094e-03
   5.4700000e+01   3.0000000e+00   3.0000000e+00   2.2650057e-03
   5.4800000e+01  -5.0000000e+00  -5.0000000e+00  -3.7750094e-03
   5.4900000e+01  -9.0000000e+00  -9.0000000e+00  -6.7950170e-03
   5.5000000e+01   1.4000000e+01   1.4000000e+01   1.0570026e-02
   5.5100000e+01  -6.0000000e+00  -6.0000000e+00  -4.5300113e-03
   5.5200000e+01   5.0000000e+00   5.0000000e+00   3.7750094e-03
   5.5300000e+01  -6.0000000e+00  -6.0000000e+00  -4.5300113e-03
   5.5400000e+01   1.0000000e+00   1.0000000e+00   7.5500189e-04
   5.5500000e+01  -1.5000000e+01  -1.5000000e+01  -1.1325028e-02
   5.5600000e+01  -2.3000000e+01  -2.3000000e+01  -1.7365043e-02
   5.5700000e+01  -1.6000000e+01  -1.6000000e+01  -1.2080030e-02
   5.5800000e+01   3.0000000e+00   3.0000000e+00   2.2650057e-03
   5.5900000e+01  -1.5000000e+01  -1.5000000e+01  -1.1325028e-02
   5.6000000e+01   1.0000000e+00   1.0000000e+00   7.5500189e-04
   5.6100000e+01  -1.0000000e+01  -1.0000000e+01  -7.5500189e-03
   5.6200000e+01   8.0000000e+00   8.0000000e+00   6.0400151e-03
   5.6300000e+01   9.0000000e+00   9.0000000e+00   6.7950170e-03
   5.6400000e+01   5.0000000e+00   5.0000000e+00   3.7750094e-03
   5.6500000e+01  -1.1000000e+01  -1.1000000e+01  -8.3050208e-03
   5.6600000e+01   1.8000000e+01   1.8000000e+01   1.3590034e-02
   5.6700000e+01  -3.5000000e+01  -3.5000000e+01  -2.6425066e-02
   5.6800000e+01   1.9000000e+01   1.9000000e+01   1.4345036e-02
   5.6900000e+01  -2.4000000e+01  -2.4000000e+01  -1.8120045e-02
   5.7000000e+01   5.0000000e+00   5.0000000e+00   3.7750094e-03
   5.7100000e+01   4.0000000e+00   4.0000000e+00   3.0200076e-03
   5.7200000e+01  -1.4000000e+01  -1.4000000e+01  -1.0570026e-02
   5.7300000e+01   8.0000000e+00   8.0000000e+00   6.0400151e-03
   5.7400000e+01  -2.8000000e+01  -2.8000000e+01  -2.1140053e-02
   5.7500000e+01   1.0000000e+01   1.0000000e+01   7.5500189e-03
   5.7600000e+01   3.0000000e+01   3.0000000e+01   2.2650057e-02
   5.7700000e+01  -5.0000000e+00  -5.0000000e+00  -3.7750094e-03
   5.7800000e+01  -1.6000000e+01  -1.6000000e+01  -1.2080030e-02
   5.7900000e+01  -6.0000000e+00  -6.0000000e+00  -4.5300113e-03
   5.8000000e+01  -7.0000000e+00  -7.0000000e+00  -5.2850132e-03
   5.8100000e+01   1.0000000e+00   1.0000000e+00   7.5500189e-04
   5.8200000e+01  -3.0000000e+00  -3.0000000e+00  -2.2650057e-03
   5.8300000e+01  -2.0000000e+01  -2.0000000e+01  -1.5100038e-02
   5.8400000e+01   1.3000000e+01   1.3000000e+01   9.8150245e-03
   5.8500000e+01  -1.0000000e+01  -1.0000000e+01  -7.5500189e-03
   5.8600000e+01   1.0000000e+01   1.0000000e+01   7.5500189e-03
   5.8700000e+01  -1.1000000e+01  -1.1000000e+01  -8.3050208e-03
   5.8800000e+01  -2.0000000e+00  -2.0000000e+00  -1.5100038e-03
   5.8900000e+01  -1.1000000e+01  -1.1000000e+01  -8.3050208e-03
   5.9000000e+01  -4.0000000e+00  -4.0000000e+00  -3.0200076e-03
   5.9100000e+01  -1.0000000e+00  -1.0000000e+00  -7.5500189e-04
   5.9200000e+01   1.7000000e+01   1.7000000e+01   1.2835032e-02
   5.9300000e+01  -8.0000000e+00  -8.0000000e+00  -6.0400151e-03
   5.9400000e+01  -2.0000000e+01  -2.0000000e+01  -1.5100038e-02
   5.9500000e+01  -1.9000000e+01  -1.9000000e+01  -1.4345036e-02
   5.9600000e+01  -8.0000000e+00  -8.0000000e+00  -6.0400151e-03
   5.9700000e+01  -7.0000000e+00  -7.0000000e+00  -5.2850132e-03
   5.9800000e+01   2.0000000e+00   2.0000000e+00   1.5100038e-03
   5.9900000e+01   8.0000000e+00   8.0000000e+00   6.0400151e-03
   6.0000000e+01   9.0000000e+00   9.0000000e+00   6.7950170e-03
   6.0100000e+01  -1.6000000e+01  -1.6000000e+01  -1.2080030e-02
   6.0200000e+01  -1.1000000e+01  -1.1000000e+01  -8.3050208e-03
   6.0300000e+01   2.1000000e+01   2.1000000e+01   1.5855040e-02
   6.0400000e+01  -1.1000000e+01  -1.1000000e+01  -8.3050208e-03
   6.0500000e+01  -2.0000000e+00  -2.0000000e+00  -1.5100038e-03
   6.0600000e+01   2.0000000e+00   2.0000000e+00   1.5100038e-03
   6.0700000e+01  -4.0000000e+00  -4.0000000e+00  -3.0200076e-03
   6.0800000e+01  -9.0000000e+00  -9.0000000e+00  -6.7950170e-03
   6.0900000e+01  -4.0000000e+00  -4.0000000e+00  -3.0200076e-03
   6.1000000e+01  -1.3000000e+01  -1.3000000e+01  -9.8150245e-03
   6.1100000e+01   1.2000000e+01   1.2000000e+01   9.0600227e-03
   6.1200000e+01  -1.0000000e+01  -1.0000000e+01  -7.5500189e-03
   6.1300000e+01  -5.0000000e+00  -5.0000000e+00  -3.7750094e-03
   6.1400000e+01  -2.0000000e+00  -2.0000000e+00  -1.5100038e-03
   6.1500000e+01  -7.0000000e+00  -7.0000000e+00  -5.2850132e-03
   6.1600000e+01   1.0000000e+00   1.0000000e+00   7.5500189e-04
   6.1700000e+01   2.4000000e+01   2.4000000e+01   1.8120045e-02
   6.1800000e+01   1.1000000e+01   1.1000000e+01   8.3050208e-03
   6.1900000e+01  -4.0000000e+00  -4.0000000e+00  -3.0200076e-03
   6.2000000e+01  -8.0000000e+00  -8.0000000e+00  -6.0400151e-03
   6.2100000e+01  -7.0000000e+00  -7.0000000e+00  -5.2850132e-03
   6.2200000e+01   6.0000000e+00   6.0000000e+00   4.5300113e-03
   6.2300000e+01  -5.0000000e+00  -5.0000000e+00  -3.7750094e-03
   6.2400000e+01   9.0000000e+00   9.0000000e+00   6.7950170e-03
   6.2500000e+01  -8.0000000e+00  -8.0000000e+00  -6.0400151e-03
   6.2600000e+01   1.0000000e+00   1.0000000e+00   7.5500189e-04
   6.2700000e+01  -1.6000000e+01  -1.6000000e+01  -1.2080030e-02
   6.2800000e+01   1.5000000e+01   1.5000000e+01   1.1325028e-02
   6.2900000e+01   5.0000000e+00   5.0000000e+00   3.7750094e-03
   6.3000000e+01  -1.2000000e+01  -1.2000000e+01  -9.0600227e-03
   6.3100000e+01  -9.0000000e+00  -9.0000000e+00  -6.7950170e-03
   6.3200000e+01  -1.0000000e+01  -1.0000000e+01  -7.5500189e-03
   6.3300000e+01   7.0000000e+00   7.0000000e+00   5.2850132e-03
   6.3400000e+01   2.0000000e+00   2.0000000e+00   1.5100038e-03
   6.3500000e+01  -2.1000000e+01  -2.1000000e+01  -1.5855040e-02
   6.3600000e+01  -2.0000000e+00  -2.0000000e+00  -1.5100038e-03
   6.3700000e+01   0.0000000e+00   0.0000000e+00   0.0000000e+00
   6.3800000e+01  -1.7000000e+01  -1.7000000e+01  -1.2835032e-02
   6.3900000e+01   5.0000000e+00   5.0000000e+00   3.7750094e-03
   6.4000000e+01   1.0000000e+00   1.0000000e+00   7.5500189e-04
   6.4100000e+01   4.0000000e+00   4.0000000e+00   3.0200076e-03
   6.4200000e+01   5.0000000e+00   5.0000000e+00   3.7750094e-03
   6.4300000e+01   1.1000000e+01   1.1000000e+01   8.3050208e-03
   6.4400000e+01   2.9000000e+01   2.9000000e+01   2.1895055e-02
   6.4500000e+01  -1.9000000e+01  -1.9000000e+01  -1.4345036e-02
   6.4600000e+01  -3.0000000e+00  -3.0000000e+00  -2.2650057e-03
   6.4700000e+01  -8.0000000e+00  -8.0000000e+00  -6.0400151e-03
   6.4800000e+01   3.1000000e+01   3.1000000e+01   2.3405059e-02
   6.4900000e+01  -1.5000000e+01  -1.5000000e+01  -1.1325028e-02
   6.5000000e+01  -1.5000000e+01  -1.5000000e+01  -1.1325028e-02
   6.5100000e+01  -1.0000000e+01  -1.0000000e+01  -7.5500189e-03
   6.5200000e+01  -7.0000000e+00  -7.0000000e+00  -5.2850132e-03
   6.5300000e+01  -1.2000000e+01  -1.2000000e+01  -9.0600227e-03
   6.5400000e+01  -4.0000000e+00  -4.0000000e+00  -3.0200076e-03
   6.5500000e+01  -1.4000000e+01  -1.4000000e+01  -1.0570026e-02
   6.5600000e+01  -1.3000000e+01  -1.3000000e+01  -9.8150245e-03
   6.5700000e+01  -2.0000000e+00  -2.0000000e+00  -1.5100038e-03
   6.5800000e+01  -1.8000000e+01  -1.8000000e+01  -1.3590034e-02
   6.5900000e+01  -4.1000000e+01  -4.1000000e+01  -3.0955077e-02
   6.6000000e+01   1.0000000e+00   1.0000000e+00   7.5500189e-04
   6.6100000e+01   2.3000000e+01   2.3000000e+01   1.7365043e-02
   6.6200000e+01  -1.2000000e+01  -1.2000000e+01  -9.0600227e-03
   6.6300000e+01   2.6000000e+01   2.6000000e+01   1.9630049e-02
   6.6400000e+01  -1.0000000e+00  -1.0000000e+00  -7.5500189e-04
   6.6500000e+01   3.0000000e+00   3.0000000e+00   2.2650057e-03
   6.6600000e+01   2.0000000e+01   2.0000000e+01   1.5100038e-02
   6.6700000e+01   2.4000000e+01   2.4000000e+01   1.8120045e-02
   6.6800000e+01  -1.7000000e+01  -1.7000000e+01  -1.2835032e-02
   6.6900000e+01   2.3000000e+01   2.3000000e+01   1.7365043e-02
   6.7000000e+01  -2.0000000e+00  -2.0000000e+00  -1.5100038e-03
   6.7100000e+01  -7.0000000e+00  -7.0000000e+00  -5.2850132e-03
   6.7200000e+01  -5.0000000e+00  -5.0000000e+00  -3.7750094e-03
   6.7300000e+01  -8.0000000e+00  -8.0000000e+00  -6.0400151e-03
   6.7400000e+01   1.4000000e+01   1.4000000e+01   1.0570026e-02
   6.7500000e+01  -1.5000000e+01  -1.5000000e+01  -1.1325028e-02
   6.7600000e+01  -1.4000000e+01  -1.4000000e+01  -1.0570026e-02
   6.7700000e+01  -5.0000000e+00  -5.0000000e+00  -3.7750094e-03
   6.7800000e+01  -1.6000000e+01  -1.6000000e+01  -1.2080030e-02
   6.7900000e+01   2.9000000e+01   2.9000000e+01   2.1895055e-02
   6.8000000e+01  -5.0000000e+00  -5.0000000e+00  -3.7750094e-03
   6.8100000e+01   9.0000000e+00   9.0000000e+00   6.7950170e-03
   6.8200000e+01   9.0000000e+00   9.0000000e+00   6.7950170e-03
   6.8300000e+01  -1.5000000e+01  -1.5000000e+01  -1.1325028e-02
   6.8400000e+01   3.0000000e+00   3.0000000e+00   2.2650057e-03
   6.8500000e+01  -2.0000000e+00  -2.0000000e+00  -1.5100038e-03
   6.8600000e+01  -2.1000000e+01  -2.1000000e+01  -1.5855040e-02
   6.8700000e+01   9.0000000e+00   9.0000000e+00   6.7950170e-03
   6.8800000e+01   1.1000000e+01   1.1000000e+01   8.3050208e-03
   6.8900000e+01  -2.9000000e+01  -2.9000000e+01  -2.1895055e-02
   6.9000000e+01   5.0000000e+00   5.0000000e+00   3.7750094e-03
   6.9100000e+01   6.0000000e+00   6.0000000e+00   4.5300113e-03
   6.9200000e+01   6.0000000e+00   6.0000000e+00   4.5300113e-03
   6.9300000e+01  -6.0000000e+00  -6.0000000e+00  -4.5300113e-03
   6.9400000e+01   1.5000000e+01   1.5000000e+01   1.1325028e-02
   6.9500000e+01  -7.0000000e+00  -7.0000000e+00  -5.2850132e-03
   6.9600000e+01  -1.1000000e+01  -1.1000000e+01  -8.3050208e-03
   6.9700000e+01   1.4000000e+01   1.4000000e+01   1.0570026e-02
   6.9800000e+01  -4.0000000e+00  -4.0000000e+00  -3.0200076e-03
   6.9900000e+01   1.7000000e+01   1.7000000e+01   1.2835032e-02
   7.0000000e+01  -7.0000000e+00  -7.0000000e+00  -5.2850132e-03
   7.0100000e+01  -3.0000000e+00  -3.0000000e+00  -2.2650057e-03
   7.0200000e+01  -1.3000000e+01  -1.3000000e+01  -9.8150245e-03
   7.0300000e+01  -5.0000000e+00  -5.0000000e+00  -3.7750094e-03
   7.0400000e+01   5.0000000e+00   5.0000000e+00   3.7750094e-03
   7.0500000e+01  -2.7000000e+01  -2.7000000e+01  -2.0385051e-02
   7.0600000e+01  -2.0000000e+00  -2.0000000e+00  -1.5100038e-03
   7.0700000e+01  -1.0000000e+00  -1.0000000e+00  -7.5500189e-04
   7.0800000e+01   9.0000000e+00   9.0000000e+00   6.7950170e-03
   7.0900000e+01  -2.0000000e+01  -2.0000000e+01  -1.5100038e-02
   7.1000000e+01   4.0000000e+00   4.0000000e+00   3.0200076e-03
   7.1100000e+01   2.0000000e+00   2.0000000e+00   1.5100038e-03
   7.1200000e+01   1.0000000e+01   1.0000000e+01   7.5500189e-03
   7.1300000e+01  -1.1000000e+01  -1.1000000e+01  -8.3050208e-03
   7.1400000e+01   8.0000000e+00   8.0000000e+00   6.0400151e-03
   7.1500000e+01  -2.1000000e+01  -2.1000000e+01  -1.5855040e-02
   7.1600000e+01  -6.0000000e+00  -6.0000000e+00  -4.5300113e-03
   7.1700000e+01  -2.5000000e+01  -2.5000000e+01  -1.8875047e-02
   7.1800000e+01  -1.2000000e+01  -1.2000000e+01  -9.0600227e-03
   7.1900000e+01   1.1000000e+01   1.1000000e+01   8.3050208e-03
   7.2000000e+01  -7.0000000e+00  -7.0000000e+00  -5.2850132e-03
   7.2100000e+01   1.1000000e+01   1.1000000e+01   8.3050208e-03
   7.2200000e+01   3.0000000e+00   3.0000000e+00   2.2650057e-03
   7.2300000e+01   1.8000000e+01   1.8000000e+01   1.3590034e-02
   7.2400000e+01  -3.0000000e+01  -3.0000000e+01  -2.2650057e-02
   7.2500000e+01   1.2000000e+01   1.2000000e+01   9.0600227e-03
   7.2600000e+01   7.0000000e+00   7.0000000e+00   5.2850132e-03
   7.2700000e+01   4.0000000e+00   4.0000000e+00   3.0200076e-03
   7.2800000e+01  -1.6000000e+01  -1.6000000e+01  -1.2080030e-02
   7.2900000e+01   1.1000000e+01   1.1000000e+01   8.3050208e-03
   7.3000000e+01  -2.5000000e+01  -2.5000000e+01  -1.8875047e-02
   7.3100000e+01  -2.2000000e+01  -2.2000000e+01  -1.6610042e-02
   7.3200000e+01   9.0000000e+00   9.0000000e+00   6.7950170e-03
   7.3300000e+01  -3.2000000e+01  -3.2000000e+01  -2.4160060e-02
   7.3400000e+01   2.0000000e+01   2.0000000e+01   1.5100038e-02
   7.3500000e+01  -4.0000000e+00  -4.0000000e+00  -3.0200076e-03
   7.3600000e+01   4.0000000e+00   4.0000000e+00   3.0200076e-03
   7.3700000e+01  -1.8000000e+01  -1.8000000e+01  -1.3590034e-02
   7.3800000e+01   2.0000000e+00   2.0000000e+00   1.5100038e-03
   7.3900000e+01  -2.3000000e+01  -2.3000000e+01  -1.7365043e-02
   7.4000000e+01   4.0000000e+00   4.0000000e+00   3.0200076e-03
   7.4100000e+01   1.7000000e+01   1.7000000e+01   1.2835032e-02
   7.4200000e+01  -6.0000000e+00  -6.0000000e+00  -4.5300113e-03
   7.4300000e+01  -4.0000000e+00  -4.0000000e+00  -3.0200076e-03
   7.4400000e+01   9.0000000e+00   9.0000000e+00   6.7950170e-03
   7.4500000e+01  -1.6000000e+01  -1.6000000e+01  -1.2080030e-02
   7.4600000e+01   1.7000000e+01   1.7000000e+01   1.2835032e-02
   7.4700000e+01   2.0000000e+01   2.0000000e+01   1.5100038e-02
   7.4800000e+01   2.9000000e+01   2.9000000e+01   2.1895055e-02
   7.4900000e+01   0.0000000e+00   0.0000000e+00   0.0000000e+00
   7.5000000e+01   3.0000000e+00   3.0000000e+00   2.2650057e-03
   7.5100000e+01   3.6000000e+01   3.6000000e+01   2.7180068e-02
   7.5200000e+01  -1.7000000e+01  -1.7000000e+01  -1.2835032e-02
   7.5300000e+01   8.0000000e+00   8.0000000e+00   6.0400151e-03
   7.5400000e+01   1.5000000e+01   1.5000000e+01   1.1325028e-02
   7.5500000e+01  -6.0000000e+00  -6.0000000e+00  -4.5300113e-03
   7.5600000e+01  -8.0000000e+00  -8.0000000e+00  -6.0400151e-03
   7.5700000e+01   7.0000000e+00   7.0000000e+00   5.2850132e-03
   7.5800000e+01   1.1000000e+01   1.1000000e+01   8.3050208e-03
   7.5900000e+01  -3.7000000e+01  -3.7000000e+01  -2.7935070e-02
   7.6000000e+01   4.1000000e+01   4.1000000e+01   3.0955077e-02
   7.6100000e+01   2.2000000e+01   2.2000000e+01   1.6610042e-02
   7.6200000e+01   2.0000000e+00   2.0000000e+00   1.5100038e-03
   7.6300000e+01  -5.0000000e+00  -5.0000000e+00  -3.7750094e-03
   7.6400000e+01   1.7000000e+01   1.7000000e+01   1.2835032e-02
   7.6500000e+01   4.0000000e+00   4.0000000e+00   3.0200076e-03
   7.6600000e+01  -1.2000000e+01  -1.2000000e+01  -9.0600227e-03
   7.6700000e+01  -1.0000000e+00  -1.0000000e+00  -7.5500189e-04
   7.6800000e+01   1.0000000e+00   1.0000000e+00   7.5500189e-04
   7.6900000e+01   2.6000000e+01   2.6000000e+01   1.9630049e-02
   7.7000000e+01   1.0000000e+00   1.0000000e+00   7.5500189e-04
   7.7100000e+01  -2.7000000e+01  -2.7000000e+01  -2.0385051e-02
   7.7200000e+01  -2.0000000e+00  -2.0000000e+00  -1.5100038e-03
   7.7300000e+01   1.6000000e+01   1.6000000e+01   1.2080030e-02
   7.7400000e+01  -8.0000000e+00  -8.0000000e+00  -6.0400151e-03
   7.7500000e+01  -1.1000000e+01  -1.1000000e+01  -8.3050208e-03
   7.7600000e+01  -7.0000000e+00  -7.0000000e+00  -5.2850132e-03
   7.7700000e+01  -2.9000000e+01  -2.9000000e+01  -2.1895055e-02
   7.7800000e+01   6.0000000e+00   6.0000000e+00   4.5300113e-03
   7.7900000e+01  -7.0000000e+00  -7.0000000e+00  -5.2850132e-03
   7.8000000e+01  -6.0000000e+00  -6.0000000e+00  -4.5300113e-03
   7.8100000e+01   1.3000000e+01   1.3000000e+01   9.8150245e-03
