   0.0000000e+00   1.5300000e+02   1.5300000e+02   1.9239233e-01
   1.0000000e-01   8.8400000e+02   8.8400000e+02   1.1116001e+00
   2.0000000e-01   9.0500000e+02   9.0500000e+02   1.1380069e+00
   3.0000000e-01   7.0600000e+02   7.0600000e+02   8.8777114e-01
   4.0000000e-01   6.8600000e+02   6.8600000e+02   8.6262182e-01
   5.0000000e-01   6.8400000e+02   6.8400000e+02   8.6010688e-01
   6.0000000e-01   8.0700000e+02   8.0700000e+02   1.0147752e+00
   7.0000000e-01   6.8500000e+02   6.8500000e+02   8.6136435e-01
   8.0000000e-01   6.4400000e+02   6.4400000e+02   8.0980824e-01
   9.0000000e-01   6.8100000e+02   6.8100000e+02   8.5633449e-01
   1.0000000e+00   6.9200000e+02   6.9200000e+02   8.7016661e-01
   1.1000000e+00   7.4400000e+02   7.4400000e+02   9.3555486e-01
   1.2000000e+00   7.3500000e+02   7.3500000e+02   9.2423766e-01
   1.3000000e+00   7.7600000e+02   7.7600000e+02   9.7579378e-01
   1.4000000e+00   7.5100000e+02   7.5100000e+02   9.4435712e-01
   1.5000000e+00   7.1700000e+02   7.1700000e+02   9.0160327e-01
   1.6000000e+00   6.4500000e+02   6.4500000e+02   8.1106570e-01
   1.7000000e+00   6.9500000e+02   6.9500000e+02   8.7393901e-01
   1.8000000e+00   7.0600000e+02   7.0600000e+02   8.8777114e-01
   1.9000000e+00   6.2300000e+02   6.2300000e+02   7.8340145e-01
   2.0000000e+00   6.2000000e+02   6.2000000e+02   7.7962905e-01
   2.1000000e+00   5.3900000e+02   5.3900000e+02   6.7777428e-01
   2.2000000e+00   6.3100000e+02   6.3100000e+02   7.9346118e-01
   2.3000000e+00   6.0200000e+02   6.0200000e+02   7.5699466e-01
   2.4000000e+00   5.9700000e+02   5.9700000e+02   7.5070732e-01
   2.5000000e+00   5.9700000e+02   5.9700000e+02   7.5070732e-01
   2.6000000e+00   5.9900000e+02   5.9900000e+02   7.5322226e-01
   2.7000000e+00   6.6800000e+02   6.6800000e+02   8.3998743e-01
   2.8000000e+00   6.0100000e+02   6.0100000e+02   7.5573719e-01
   2.9000000e+00   5.9300000e+02   5.9300000e+02   7.4567746e-01
   3.0000000e+00   6.0900000e+02   6.0900000e+02   7.6579692e-01
   3.1000000e+00   5.3000000e+02   5.3000000e+02   6.6645709e-01
   3.2000000e+00   6.3700000e+02   6.3700000e+02   8.0100597e-01
   3.3000000e+00   5.5900000e+02   5.5900000e+02   7.0292361e-01
   3.4000000e+00   6.5600000e+02   6.5600000e+02   8.2489783e-01
   3.5000000e+00   6.2300000e+02   6.2300000e+02   7.8340145e-01
   3.6000000e+00   5.6500000e+02   5.6500000e+02   7.1046841e-01
   3.7000000e+00   5.9900000e+02   5.9900000e+02   7.5322226e-01
   3.8000000e+00   5.8900000e+02   5.8900000e+02   7.4064760e-01
   3.9000000e+00   6.0400000e+02   6.0400000e+02   7.5950959e-01
   4.0000000e+00   6.3500000e+02   6.3500000e+02   7.9849104e-01
   4.1000000e+00   6.0200000e+02   6.0200000e+02   7.5699466e-01
   4.2000000e+00   6.4300000e+02   6.4300000e+02   8.0855077e-01
   4.3000000e+00   6.9600000e+02   6.9600000e+02   8.7519648e-01
   4.4000000e+00   6.1600000e+02   6.1600000e+02   7.7459918e-01
   4.5000000e+00   6.0300000e+02   6.0300000e+02   7.5825212e-01
   4.6000000e+00   5.4500000e+02   5.4500000e+02   6.8531908e-01
   4.7000000e+00   6.7300000e+02   6.7300000e+02   8.4627476e-01
   4.8000000e+00   5.3800000e+02   5.3800000e+02   6.7651682e-01
   4.9000000e+00   5.9500000e+02   5.9500000e+02   7.4819239e-01
   5.0000000e+00   6.7900000e+02   6.7900000e+02   8.5381955e-01
   5.1000000e+00   6.5400000e+02   6.5400000e+02   8.2238290e-01
   5.2000000e+00   6.2300000e+02   6.2300000e+02   7.8340145e-01
   5.3000000e+00   6.1000000e+02   6.1000000e+02   7.6705439e-01
   5.4000000e+00   5.9700000e+02   5.9700000e+02   7.5070732e-01
   5.5000000e+00   6.1100000e+02   6.1100000e+02   7.6831185e-01
   5.6000000e+00   6.1900000e+02   6.1900000e+02   7.7837158e-01
   5.7000000e+00   6.3800000e+02   6.3800000e+02   8.0226344e-01
   5.8000000e+00   6.2400000e+02   6.2400000e+02   7.8465891e-01
   5.9000000e+00   6.5400000e+02   6.5400000e+02   8.2238290e-01
   6.0000000e+00   6.3700000e+02   6.3700000e+02   8.0100597e-01
   6.1000000e+00   5.8900000e+02   5.8900000e+02   7.4064760e-01
   6.2000000e+00   4.3700000e+02   4.3700000e+02   5.4951273e-01
   6.3000000e+00   3.6200000e+02   3.6200000e+02   4.5520277e-01
   6.4000000e+00   3.4700000e+02   3.4700000e+02   4.3634077e-01
   6.5000000e+00   3.1100000e+02   3.1100000e+02   3.9107199e-01
   6.6000000e+00   2.8300000e+02   2.8300000e+02   3.5586294e-01
   6.7000000e+00   3.6000000e+02   3.6000000e+02   4.5268783e-01
   6.8000000e+00   3.4200000e+02   3.4200000e+02   4.3005344e-01
   6.9000000e+00   3.9400000e+02   3.9400000e+02   4.9544169e-01
   7.0000000e+00   3.6100000e+02   3.6100000e+02   4.5394530e-01
   7.1000000e+00   3.4500000e+02   3.4500000e+02   4.3382584e-01
   7.2000000e+00   3.8200000e+02   3.8200000e+02   4.8035209e-01
   7.3000000e+00   3.5700000e+02   3.5700000e+02   4.4891544e-01
   7.4000000e+00   4.0900000e+02   4.0900000e+02   5.1430368e-01
   7.5000000e+00   3.8200000e+02   3.8200000e+02   4.8035209e-01
   7.6000000e+00   3.7300000e+02   3.7300000e+02   4.6903489e-01
   7.7000000e+00   3.4000000e+02   3.4000000e+02   4.2753851e-01
   7.8000000e+00   3.6700000e+02   3.6700000e+02   4.6149010e-01
   7.9000000e+00   3.1500000e+02   3.1500000e+02   3.9610185e-01
   8.0000000e+00   3.7700000e+02   3.7700000e+02   4.7406476e-01
   8.1000000e+00   3.4700000e+02   3.4700000e+02   4.3634077e-01
   8.2000000e+00   3.7900000e+02   3.7900000e+02   4.7657969e-01
   8.3000000e+00   3.8700000e+02   3.8700000e+02   4.8663942e-01
   8.4000000e+00   3.3100000e+02   3.3100000e+02   4.1622131e-01
   8.5000000e+00   3.7700000e+02   3.7700000e+02   4.7406476e-01
   8.6000000e+00   3.2900000e+02   3.2900000e+02   4.1370638e-01
   8.7000000e+00   3.2600000e+02   3.2600000e+02   4.0993398e-01
   8.8000000e+00   3.8600000e+02   3.8600000e+02   4.8538196e-01
   8.9000000e+00   3.9600000e+02   3.9600000e+02   4.9795662e-01
   9.0000000e+00   3.7300000e+02   3.7300000e+02   4.6903489e-01
   9.1000000e+00   3.1100000e+02   3.1100000e+02   3.9107199e-01
   9.2000000e+00   3.3600000e+02   3.3600000e+02   4.2250865e-01
   9.3000000e+00   3.3900000e+02   3.3900000e+02   4.2628104e-01
   9.4000000e+00   1.5000000e+02   1.5000000e+02   1.8861993e-01
   9.5000000e+00   6.8000000e+01   6.8000000e+01   8.5507702e-02
   9.6000000e+00   8.6000000e+01   8.6000000e+01   1.0814209e-01
   9.7000000e+00   6.3000000e+01   6.3000000e+01   7.9220371e-02
   9.8000000e+00   9.0000000e+01   9.0000000e+01   1.1317196e-01
   9.9000000e+00   7.7000000e+01   7.7000000e+01   9.6824898e-02
   1.0000000e+01   9.6000000e+01   9.6000000e+01   1.2071676e-01
   1.0100000e+01   1.1900000e+02   1.1900000e+02   1.4963848e-01
   1.0200000e+01   1.3600000e+02   1.3600000e+02   1.7101540e-01
   1.0300000e+01   4.5000000e+01   4.5000000e+01   5.6585979e-02
   1.0400000e+01   1.0500000e+02   1.0500000e+02   1.3203395e-01
   1.0500000e+01   1.1700000e+02   1.1700000e+02   1.4712355e-01
   1.0600000e+01   1.2300000e+02   1.2300000e+02   1.5466834e-01
   1.0700000e+01   1.4100000e+02   1.4100000e+02   1.7730273e-01
   1.0800000e+01   9.3000000e+01   9.3000000e+01   1.1694436e-01
   1.0900000e+01   1.5700000e+02   1.5700000e+02   1.9742219e-01
   1.1000000e+01   1.1100000e+02   1.1100000e+02   1.3957875e-01
   1.1100000e+01   1.0600000e+02   1.0600000e+02   1.3329142e-01
   1.1200000e+01   1.8100000e+02   1.8100000e+02   2.2760138e-01
   1.1300000e+01   1.2700000e+02   1.2700000e+02   1.5969821e-01
   1.1400000e+01   1.5200000e+02   1.5200000e+02   1.9113486e-01
   1.1500000e+01   1.2900000e+02   1.2900000e+02   1.6221314e-01
   1.1600000e+01   1.0400000e+02   1.0400000e+02   1.3077649e-01
   1.1700000e+01   1.5300000e+02   1.5300000e+02   1.9239233e-01
   1.1800000e+01   1.3600000e+02   1.3600000e+02   1.7101540e-01
   1.1900000e+01   1.5800000e+02   1.5800000e+02   1.9867966e-01
   1.2000000e+01   1.3500000e+02   1.3500000e+02   1.6975794e-01
   1.2100000e+01   1.2800000e+02   1.2800000e+02   1.6095567e-01
   1.2200000e+01   1.4900000e+02   1.4900000e+02   1.8736246e-01
   1.2300000e+01   1.0400000e+02   1.0400000e+02   1.3077649e-01
   1.2400000e+01   8.7000000e+01   8.7000000e+01   1.0939956e-01
   1.2500000e+01   9.9000000e+01   9.9000000e+01   1.2448915e-01
   1.2600000e+01   1.1300000e+02   1.1300000e+02   1.4209368e-01
   1.2700000e+01   1.7200000e+02   1.7200000e+02   2.1628419e-01
   1.2800000e+01   1.4600000e+02   1.4600000e+02   1.8359007e-01
   1.2900000e+01   1.4000000e+02   1.4000000e+02   1.7604527e-01
   1.3000000e+01   1.3900000e+02   1.3900000e+02   1.7478780e-01
   1.3100000e+01   9.3000000e+01   9.3000000e+01   1.1694436e-01
   1.3200000e+01   1.2600000e+02   1.2600000e+02   1.5844074e-01
   1.3300000e+01   1.5100000e+02   1.5100000e+02   1.8987740e-01
   1.3400000e+01   1.5400000e+02   1.5400000e+02   1.9364980e-01
   1.3500000e+01   1.5600000e+02   1.5600000e+02   1.9616473e-01
   1.3600000e+01   1.1400000e+02   1.1400000e+02   1.4335115e-01
   1.3700000e+01   1.0800000e+02   1.0800000e+02   1.3580635e-01
   1.3800000e+01   1.4600000e+02   1.4600000e+02   1.8359007e-01
   1.3900000e+01   1.2100000e+02   1.2100000e+02   1.5215341e-01
   1.4000000e+01   1.3000000e+02   1.3000000e+02   1.6347061e-01
   1.4100000e+01   1.1300000e+02   1.1300000e+02   1.4209368e-01
   1.4200000e+01   1.5300000e+02   1.5300000e+02   1.9239233e-01
   1.4300000e+01   1.3500000e+02   1.3500000e+02   1.6975794e-01
   1.4400000e+01   1.4100000e+02   1.4100000e+02   1.7730273e-01
   1.4500000e+01   1.6300000e+02   1.6300000e+02   2.0496699e-01
   1.4600000e+01   1.2100000e+02   1.2100000e+02   1.5215341e-01
   1.4700000e+01   1.0500000e+02   1.0500000e+02   1.3203395e-01
   1.4800000e+01   1.3600000e+02   1.3600000e+02   1.7101540e-01
   1.4900000e+01   1.2100000e+02   1.2100000e+02   1.5215341e-01
   1.5000000e+01   1.0300000e+02   1.0300000e+02   1.2951902e-01
   1.5100000e+01   1.2100000e+02   1.2100000e+02   1.5215341e-01
   1.5200000e+01   1.7600000e+02   1.7600000e+02   2.2131405e-01
   1.5300000e+01   1.3400000e+02   1.3400000e+02   1.6850047e-01
   1.5400000e+01   1.0900000e+02   1.0900000e+02   1.3706382e-01
   1.5500000e+01   1.2300000e+02   1.2300000e+02   1.5466834e-01
   1.5600000e+01   1.0500000e+02   1.0500000e+02   1.3203395e-01
   1.5700000e+01   1.6300000e+02   1.6300000e+02   2.0496699e-01
   1.5800000e+01   1.2800000e+02   1.2800000e+02   1.6095567e-01
   1.5900000e+01   1.4400000e+02   1.4400000e+02   1.8107513e-01
   1.6000000e+01   1.1500000e+02   1.1500000e+02   1.4460861e-01
   1.6100000e+01   1.4800000e+02   1.4800000e+02   1.8610500e-01
   1.6200000e+01   8.6000000e+01   8.6000000e+01   1.0814209e-01
   1.6300000e+01   9.0000000e+00   9.0000000e+00   1.1317196e-02
   1.6400000e+01  -2.0000000e+00  -2.0000000e+00  -2.5149324e-03
   1.6500000e+01  -7.0000000e+00  -7.0000000e+00  -8.8022634e-03
   1.6600000e+01   1.8000000e+01   1.8000000e+01   2.2634392e-02
   1.6700000e+01   2.7000000e+01   2.7000000e+01   3.3951588e-02
   1.6800000e+01   0.0000000e+00   0.0000000e+00   0.0000000e+00
   1.6900000e+01  -9.0000000e+00  -9.0000000e+00  -1.1317196e-02
   1.7000000e+01   3.2000000e+01   3.2000000e+01   4.0238919e-02
   1.7100000e+01   7.0000000e+00   7.0000000e+00   8.8022634e-03
   1.7200000e+01   1.6000000e+01   1.6000000e+01   2.0119459e-02
   1.7300000e+01  -2.3000000e+01  -2.3000000e+01  -2.8921723e-02
   1.7400000e+01   4.0000000e+00   4.0000000e+00   5.0298648e-03
   1.7500000e+01  -3.0000000e+00  -3.0000000e+00  -3.7723986e-03
   1.7600000e+01  -1.1000000e+01  -1.1000000e+01  -1.3832128e-02
   1.7700000e+01   6.0000000e+00   6.0000000e+00   7.5447972e-03
   1.7800000e+01  -1.0000000e+01  -1.0000000e+01  -1.2574662e-02
   1.7900000e+01  -1.9000000e+01  -1.9000000e+01  -2.3891858e-02
   1.8000000e+01   1.7000000e+01   1.7000000e+01   2.1376925e-02
   1.8100000e+01  -9.0000000e+00  -9.0000000e+00  -1.1317196e-02
   1.8200000e+01  -2.0000000e+00  -2.0000000e+00  -2.5149324e-03
   1.8300000e+01  -3.1000000e+01  -3.1000000e+01  -3.8981452e-02
   1.8400000e+01  -2.4000000e+01  -2.4000000e+01  -3.0179189e-02
   1.8500000e+01   3.7000000e+01   3.7000000e+01   4.6526250e-02
   1.8600000e+01  -5.0000000e+00  -5.0000000e+00  -6.2873310e-03
   1.8700000e+01   8.0000000e+00   8.0000000e+00   1.0059730e-02
   1.8800000e+01   0.0000000e+00   0.0000000e+00   0.0000000e+00
   1.8900000e+01  -9.0000000e+00  -9.0000000e+00  -1.1317196e-02
   1.9000000e+01  -1.0000000e+00  -1.0000000e+00  -1.2574662e-03
   1.9100000e+01   3.0000000e+00   3.0000000e+00   3.7723986e-03
   1.9200000e+01   0.0000000e+00   0.0000000e+00   0.0000000e+00
   1.9300000e+01   2.1000000e+01   2.1000000e+01   2.6406790e-02
   1.9400000e+01   2.9000000e+01   2.9000000e+01   3.6466520e-02
   1.9500000e+01   2.0000000e+00   2.0000000e+00   2.5149324e-03
   1.9600000e+01  -1.0000000e+00  -1.0000000e+00  -1.2574662e-03
   1.9700000e+01  -1.0000000e+00  -1.0000000e+00  -1.2574662e-03
   1.9800000e+01   2.6000000e+01   2.6000000e+01   3.2694121e-02
   1.9900000e+01   3.0000000e+00   3.0000000e+00   3.7723986e-03
   2.0000000e+01   5.0000000e+00   5.0000000e+00   6.2873310e-03
   2.0100000e+01  -2.7000000e+01  -2.7000000e+01  -3.3951588e-02
   2.0200000e+01  -3.0000000e+00  -3.0000000e+00  -3.7723986e-03
   2.0300000e+01  -1.1000000e+01  -1.1000000e+01  -1.3832128e-02
   2.0400000e+01  -2.0000000e+00  -2.0000000e+00  -2.5149324e-03
   2.0500000e+01  -7.0000000e+00  -7.0000000e+00  -8.8022634e-03
   2.0600000e+01   0.0000000e+00   0.0000000e+00   0.0000000e+00
   2.0700000e+01  -5.0000000e+00  -5.0000000e+00  -6.2873310e-03
   2.0800000e+01   6.0000000e+00   6.0000000e+00   7.5447972e-03
   2.0900000e+01   1.6000000e+01   1.6000000e+01   2.0119459e-02
   2.1000000e+01  -1.0000000e+00  -1.0000000e+00  -1.2574662e-03
   2.1100000e+01  -7.0000000e+00  -7.0000000e+00  -8.8022634e-03
   2.1200000e+01   7.0000000e+00   7.0000000e+00   8.8022634e-03
   2.1300000e+01   1.2000000e+01   1.2000000e+01   1.5089594e-02
   2.1400000e+01  -3.0000000e+00  -3.0000000e+00  -3.7723986e-03
   2.1500000e+01  -7.0000000e+00  -7.0000000e+00  -8.8022634e-03
   2.1600000e+01   1.2000000e+01   1.2000000e+01   1.5089594e-02
   2.1700000e+01  -1.0000000e+00  -1.0000000e+00  -1.2574662e-03
   2.1800000e+01   1.0000000e+01   1.0000000e+01   1.2574662e-02
   2.1900000e+01  -3.5000000e+01  -3.5000000e+01  -4.4011317e-02
   2.2000000e+01   1.7000000e+01   1.7000000e+01   2.1376925e-02
   2.2100000e+01   2.2000000e+01   2.2000000e+01   2.7664257e-02
   2.2200000e+01   3.7000000e+01   3.7000000e+01   4.6526250e-02
   2.2300000e+01  -5.0000000e+00  -5.0000000e+00  -6.2873310e-03
   2.2400000e+01  -1.0000000e+00  -1.0000000e+00  -1.2574662e-03
   2.2500000e+01  -2.4000000e+01  -2.4000000e+01  -3.0179189e-02
   2.2600000e+01  -2.2000000e+01  -2.2000000e+01  -2.7664257e-02
   2.2700000e+01  -3.2000000e+01  -3.2000000e+01  -4.0238919e-02
   2.2800000e+01  -2.6000000e+01  -2.6000000e+01  -3.2694121e-02
   2.2900000e+01   7.0000000e+00   7.0000000e+00   8.8022634e-03
   2.3000000e+01   4.0000000e+00   4.0000000e+00   5.0298648e-03
   2.3100000e+01   1.0000000e+00   1.0000000e+00   1.2574662e-03
   2.3200000e+01  -1.0000000e+01  -1.0000000e+01  -1.2574662e-02
   2.3300000e+01  -6.0000000e+00  -6.0000000e+00  -7.5447972e-03
   2.3400000e+01   1.3000000e+01   1.3000000e+01   1.6347061e-02
   2.3500000e+01   2.0000000e+00   2.0000000e+00   2.5149324e-03
   2.3600000e+01   2.7000000e+01   2.7000000e+01   3.3951588e-02
   2.3700000e+01  -1.0000000e+00  -1.0000000e+00  -1.2574662e-03
   2.3800000e+01   1.5000000e+01   1.5000000e+01   1.8861993e-02
   2.3900000e+01  -9.0000000e+00  -9.0000000e+00  -1.1317196e-02
   2.4000000e+01  -2.2000000e+01  -2.2000000e+01  -2.7664257e-02
   2.4100000e+01  -2.0000000e+00  -2.0000000e+00  -2.5149324e-03
   2.4200000e+01   7.0000000e+00   7.0000000e+00   8.8022634e-03
   2.4300000e+01  -2.0000000e+00  -2.0000000e+00  -2.5149324e-03
   2.4400000e+01  -9.0000000e+00  -9.0000000e+00  -1.1317196e-02
   2.4500000e+01  -1.5000000e+01  -1.5000000e+01  -1.8861993e-02
   2.4600000e+01   2.0000000e+01   2.0000000e+01   2.5149324e-02
   2.4700000e+01   1.5000000e+01   1.5000000e+01   1.8861993e-02
   2.4800000e+01   5.0000000e+00   5.0000000e+00   6.2873310e-03
   2.4900000e+01   3.0000000e+00   3.0000000e+00   3.7723986e-03
   2.5000000e+01  -1.0000000e+00  -1.0000000e+00  -1.2574662e-03
   2.5100000e+01  -9.0000000e+00  -9.0000000e+00  -1.1317196e-02
   2.5200000e+01   1.5000000e+01   1.5000000e+01   1.8861993e-02
   2.5300000e+01   2.0000000e+00   2.0000000e+00   2.5149324e-03
   2.5400000e+01  -5.1000000e+01  -5.1000000e+01  -6.4130776e-02
   2.5500000e+01  -1.6000000e+01  -1.6000000e+01  -2.0119459e-02
   2.5600000e+01  -1.5000000e+01  -1.5000000e+01  -1.8861993e-02
   2.5700000e+01   1.0000000e+01   1.0000000e+01   1.2574662e-02
   2.5800000e+01   1.1000000e+01   1.1000000e+01   1.3832128e-02
   2.5900000e+01   1.7000000e+01   1.7000000e+01   2.1376925e-02
   2.6000000e+01  -2.3000000e+01  -2.3000000e+01  -2.8921723e-02
   2.6100000e+01   2.2000000e+01   2.2000000e+01   2.7664257e-02
   2.6200000e+01   5.0000000e+00   5.0000000e+00   6.2873310e-03
   2.6300000e+01   1.1000000e+01   1.1000000e+01   1.3832128e-02
   2.6400000e+01  -1.8000000e+01  -1.8000000e+01  -2.2634392e-02
   2.6500000e+01  -1.2000000e+01  -1.2000000e+01  -1.5089594e-02
   2.6600000e+01  -2.4000000e+01  -2.4000000e+01  -3.0179189e-02
   2.6700000e+01   0.0000000e+00   0.0000000e+00   0.0000000e+00
   2.6800000e+01  -1.5000000e+01  -1.5000000e+01  -1.8861993e-02
   2.6900000e+01  -3.1000000e+01  -3.1000000e+01  -3.8981452e-02
   2.7000000e+01  -4.0000000e+00  -4.0000000e+00  -5.0298648e-03
   2.7100000e+01  -3.9000000e+01  -3.9000000e+01  -4.9041182e-02
   2.7200000e+01   0.0000000e+00   0.0000000e+00   0.0000000e+00
   2.7300000e+01  -1.0000000e+00  -1.0000000e+00  -1.2574662e-03
   2.7400000e+01   0.0000000e+00   0.0000000e+00   0.0000000e+00
   2.7500000e+01   0.0000000e+00   0.0000000e+00   0.0000000e+00
   2.7600000e+01   5.0000000e+00   5.0000000e+00   6.2873310e-03
   2.7700000e+01  -1.4000000e+01  -1.4000000e+01  -1.7604527e-02
   2.7800000e+01  -7.0000000e+00  -7.0000000e+00  -8.8022634e-03
   2.7900000e+01  -1.6000000e+01  -1.6000000e+01  -2.0119459e-02
   2.8000000e+01  -9.0000000e+00  -9.0000000e+00  -1.1317196e-02
   2.8100000e+01   1.6000000e+01   1.6000000e+01   2.0119459e-02
   2.8200000e+01   2.1000000e+01   2.1000000e+01   2.6406790e-02
   2.8300000e+01   1.0000000e+00   1.0000000e+00   1.2574662e-03
   2.8400000e+01  -2.7000000e+01  -2.7000000e+01  -3.3951588e-02
   2.8500000e+01  -1.4000000e+01  -1.4000000e+01  -1.7604527e-02
   2.8600000e+01  -1.8000000e+01  -1.8000000e+01  -2.2634392e-02
   2.8700000e+01  -1.0000000e+01  -1.0000000e+01  -1.2574662e-02
   2.8800000e+01  -4.0000000e+00  -4.0000000e+00  -5.0298648e-03
   2.8900000e+01   2.4000000e+01   2.4000000e+01   3.0179189e-02
   2.9000000e+01  -1.2000000e+01  -1.2000000e+01  -1.5089594e-02
   2.9100000e+01   4.0000000e+00   4.0000000e+00   5.0298648e-03
   2.9200000e+01   1.8000000e+01   1.8000000e+01   2.2634392e-02
   2.9300000e+01  -1.6000000e+01  -1.6000000e+01  -2.0119459e-02
   2.9400000e+01   2.3000000e+01   2.3000000e+01   2.8921723e-02
   2.9500000e+01   4.0000000e+00   4.0000000e+00   5.0298648e-03
   2.9600000e+01  -6.0000000e+00  -6.0000000e+00  -7.5447972e-03
   2.9700000e+01  -1.7000000e+01  -1.7000000e+01  -2.1376925e-02
   2.9800000e+01  -2.3000000e+01  -2.3000000e+01  -2.8921723e-02
   2.9900000e+01   4.0000000e+00   4.0000000e+00   5.0298648e-03
   3.0000000e+01  -3.0000000e+00  -3.0000000e+00  -3.7723986e-03
   3.0100000e+01   7.0000000e+00   7.0000000e+00   8.8022634e-03
   3.0200000e+01   1.0000000e+00   1.0000000e+00   1.2574662e-03
   3.0300000e+01  -1.4000000e+01  -1.4000000e+01  -1.7604527e-02
   3.0400000e+01   3.0000000e+00   3.0000000e+00   3.7723986e-03
   3.0500000e+01   1.0000000e+01   1.0000000e+01   1.2574662e-02
   3.0600000e+01  -8.0000000e+00  -8.0000000e+00  -1.0059730e-02
   3.0700000e+01   3.0000000e+00   3.0000000e+00   3.7723986e-03
   3.0800000e+01   1.0000000e+01   1.0000000e+01   1.2574662e-02
   3.0900000e+01  -1.9000000e+01  -1.9000000e+01  -2.3891858e-02
   3.1000000e+01  -1.6000000e+01  -1.6000000e+01  -2.0119459e-02
   3.1100000e+01  -8.0000000e+00  -8.0000000e+00  -1.0059730e-02
   3.1200000e+01  -1.2000000e+01  -1.2000000e+01  -1.5089594e-02
   3.1300000e+01  -2.0000000e+00  -2.0000000e+00  -2.5149324e-03
   3.1400000e+01   1.2000000e+01   1.2000000e+01   1.5089594e-02
   3.1500000e+01  -1.5000000e+01  -1.5000000e+01  -1.8861993e-02
   3.1600000e+01   6.0000000e+00   6.0000000e+00   7.5447972e-03
   3.1700000e+01  -2.4000000e+01  -2.4000000e+01  -3.0179189e-02
   3.1800000e+01   3.1000000e+01   3.1000000e+01   3.8981452e-02
   3.1900000e+01  -1.0000000e+01  -1.0000000e+01  -1.2574662e-02
   3.2000000e+01   1.6000000e+01   1.6000000e+01   2.0119459e-02
   3.2100000e+01   1.1000000e+01   1.1000000e+01   1.3832128e-02
   3.2200000e+01  -5.0000000e+00  -5.0000000e+00  -6.2873310e-03
   3.2300000e+01  -4.0000000e+00  -4.0000000e+00  -5.0298648e-03
   3.2400000e+01  -1.8000000e+01  -1.8000000e+01  -2.2634392e-02
   3.2500000e+01   1.1000000e+01   1.1000000e+01   1.3832128e-02
   3.2600000e+01  -9.0000000e+00  -9.0000000e+00  -1.1317196e-02
   3.2700000e+01   8.0000000e+00   8.0000000e+00   1.0059730e-02
   3.2800000e+01   1.8000000e+01   1.8000000e+01   2.2634392e-02
   3.2900000e+01  -7.0000000e+00  -7.0000000e+00  -8.8022634e-03
   3.3000000e+01   1.5000000e+01   1.5000000e+01   1.8861993e-02
   3.3100000e+01   2.2000000e+01   2.2000000e+01   2.7664257e-02
   3.3200000e+01  -1.0000000e+00  -1.0000000e+00  -1.2574662e-03
   3.3300000e+01   6.0000000e+00   6.0000000e+00   7.5447972e-03
   3.3400000e+01   3.8000000e+01   3.8000000e+01   4.7783716e-02
   3.3500000e+01  -5.0000000e+00  -5.0000000e+00  -6.2873310e-03
   3.3600000e+01  -1.0000000e+00  -1.0000000e+00  -1.2574662e-03
   3.3700000e+01   1.8000000e+01   1.8000000e+01   2.2634392e-02
   3.3800000e+01   1.5000000e+01   1.5000000e+01   1.8861993e-02
   3.3900000e+01   2.4000000e+01   2.4000000e+01   3.0179189e-02
   3.4000000e+01   1.4000000e+01   1.4000000e+01   1.7604527e-02
   3.4100000e+01  -1.0000000e+00  -1.0000000e+00  -1.2574662e-03
   3.4200000e+01  -9.0000000e+00  -9.0000000e+00  -1.1317196e-02
   3.4300000e+01   1.7000000e+01   1.7000000e+01   2.1376925e-02
   3.4400000e+01   6.0000000e+00   6.0000000e+00   7.5447972e-03
   3.4500000e+01  -1.1000000e+01  -1.1000000e+01  -1.3832128e-02
   3.4600000e+01   1.7000000e+01   1.7000000e+01   2.1376925e-02
   3.4700000e+01  -4.0000000e+00  -4.0000000e+00  -5.0298648e-03
   3.4800000e+01  -3.5000000e+01  -3.5000000e+01  -4.4011317e-02
   3.4900000e+01   1.0000000e+00   1.0000000e+00   1.2574662e-03
   3.5000000e+01  -8.0000000e+00  -8.0000000e+00  -1.0059730e-02
   3.5100000e+01  -1.3000000e+01  -1.3000000e+01  -1.6347061e-02
   3.5200000e+01  -4.0000000e+00  -4.0000000e+00  -5.0298648e-03
   3.5300000e+01   1.1000000e+01   1.1000000e+01   1.3832128e-02
   3.5400000e+01   1.0000000e+01   1.0000000e+01   1.2574662e-02
   3.5500000e+01   1.0000000e+01   1.0000000e+01   1.2574662e-02
   3.5600000e+01  -1.9000000e+01  -1.9000000e+01  -2.3891858e-02
   3.5700000e+01   1.8000000e+01   1.8000000e+01   2.2634392e-02
   3.5800000e+01  -4.0000000e+00  -4.0000000e+00  -5.0298648e-03
   3.5900000e+01  -1.0000000e+01  -1.0000000e+01  -1.2574662e-02
   3.6000000e+01   3.0000000e+01   3.0000000e+01   3.7723986e-02
   3.6100000e+01   1.4000000e+01   1.4000000e+01   1.7604527e-02
   3.6200000e+01  -2.8000000e+01  -2.8000000e+01  -3.5209054e-02
   3.6300000e+01   1.5000000e+01   1.5000000e+01   1.8861993e-02
   3.6400000e+01  -1.5000000e+01  -1.5000000e+01  -1.8861993e-02
   3.6500000e+01   6.0000000e+00   6.0000000e+00   7.5447972e-03
   3.6600000e+01   2.3000000e+01   2.3000000e+01   2.8921723e-02
   3.6700000e+01  -2.4000000e+01  -2.4000000e+01  -3.0179189e-02
   3.6800000e+01  -1.2000000e+01  -1.2000000e+01  -1.5089594e-02
   3.6900000e+01  -3.0000000e+00  -3.0000000e+00  -3.7723986e-03
   3.7000000e+01   1.0000000e+00   1.0000000e+00   1.2574662e-03
   3.7100000e+01  -9.0000000e+00  -9.0000000e+00  -1.1317196e-02
   3.7200000e+01   1.0000000e+01   1.0000000e+01   1.2574662e-02
   3.7300000e+01  -1.2000000e+01  -1.2000000e+01  -1.5089594e-02
   3.7400000e+01  -1.7000000e+01  -1.7000000e+01  -2.1376925e-02
   3.7500000e+01  -1.6000000e+01  -1.6000000e+01  -2.0119459e-02
   3.7600000e+01   1.3000000e+01   1.3000000e+01   1.6347061e-02
   3.7700000e+01   7.0000000e+00   7.0000000e+00   8.8022634e-03
   3.7800000e+01   1.4000000e+01   1.4000000e+01   1.7604527e-02
   3.7900000e+01   0.0000000e+00   0.0000000e+00   0.0000000e+00
   3.8000000e+01   2.7000000e+01   2.7000000e+01   3.3951588e-02
   3.8100000e+01  -1.5000000e+01  -1.5000000e+01  -1.8861993e-02
   3.8200000e+01   3.2000000e+01   3.2000000e+01   4.0238919e-02
   3.8300000e+01  -1.0000000e+00  -1.0000000e+00  -1.2574662e-03
   3.8400000e+01  -8.0000000e+00  -8.0000000e+00  -1.0059730e-02
   3.8500000e+01  -1.4000000e+01  -1.4000000e+01  -1.7604527e-02
   3.8600000e+01   1.7000000e+01   1.7000000e+01   2.1376925e-02
   3.8700000e+01   5.0000000e+00   5.0000000e+00   6.2873310e-03
   3.8800000e+01  -3.0000000e+00  -3.0000000e+00  -3.7723986e-03
   3.8900000e+01   1.9000000e+01   1.9000000e+01   2.3891858e-02
   3.9000000e+01   8.0000000e+00   8.0000000e+00   1.0059730e-02
   3.9100000e+01  -2.1000000e+01  -2.1000000e+01  -2.6406790e-02
   3.9200000e+01  -2.7000000e+01  -2.7000000e+01  -3.3951588e-02
   3.9300000e+01  -2.0000000e+01  -2.0000000e+01  -2.5149324e-02
   3.9400000e+01  -1.8000000e+01  -1.8000000e+01  -2.2634392e-02
   3.9500000e+01  -1.0000000e+01  -1.0000000e+01  -1.2574662e-02
   3.9600000e+01   2.0000000e+00   2.0000000e+00   2.5149324e-03
   3.9700000e+01   3.4000000e+01   3.4000000e+01   4.2753851e-02
   3.9800000e+01   1.2000000e+01   1.2000000e+01   1.5089594e-02
   3.9900000e+01   9.0000000e+00   9.0000000e+00   1.1317196e-02
   4.0000000e+01   4.0000000e+00   4.0000000e+00   5.0298648e-03
   4.0100000e+01  -3.6000000e+01  -3.6000000e+01  -4.5268783e-02
   4.0200000e+01  -6.0000000e+00  -6.0000000e+00  -7.5447972e-03
   4.0300000e+01   2.4000000e+01   2.4000000e+01   3.0179189e-02
   4.0400000e+01   1.0000000e+01   1.0000000e+01   1.2574662e-02
   4.0500000e+01  -1.0000000e+01  -1.0000000e+01  -1.2574662e-02
   4.0600000e+01  -5.0000000e+00  -5.0000000e+00  -6.2873310e-03
   4.0700000e+01   1.1000000e+01   1.1000000e+01   1.3832128e-02
   4.0800000e+01  -3.0000000e+00  -3.0000000e+00  -3.7723986e-03
   4.0900000e+01  -1.3000000e+01  -1.3000000e+01  -1.6347061e-02
   4.1000000e+01   1.2000000e+01   1.2000000e+01   1.5089594e-02
   4.1100000e+01  -1.0000000e+01  -1.0000000e+01  -1.2574662e-02
   4.1200000e+01  -1.6000000e+01  -1.6000000e+01  -2.0119459e-02
   4.1300000e+01  -4.0000000e+00  -4.0000000e+00  -5.0298648e-03
   4.1400000e+01   4.0000000e+00   4.0000000e+00   5.0298648e-03
   4.1500000e+01  -1.0000000e+00  -1.0000000e+00  -1.2574662e-03
   4.1600000e+01  -2.2000000e+01  -2.2000000e+01  -2.7664257e-02
   4.1700000e+01   2.4000000e+01   2.4000000e+01   3.0179189e-02
   4.1800000e+01   1.8000000e+01   1.8000000e+01   2.2634392e-02
   4.1900000e+01   8.0000000e+00   8.0000000e+00   1.0059730e-02
   4.2000000e+01   3.0000000e+00   3.0000000e+00   3.7723986e-03
   4.2100000e+01   0.0000000e+00   0.0000000e+00   0.0000000e+00
   4.2200000e+01   2.0000000e+00   2.0000000e+00   2.5149324e-03
   4.2300000e+01   1.0000000e+01   1.0000000e+01   1.2574662e-02
   4.2400000e+01   1.8000000e+01   1.8000000e+01   2.2634392e-02
   4.2500000e+01  -9.0000000e+00  -9.0000000e+00  -1.1317196e-02
   4.2600000e+01   1.9000000e+01   1.9000000e+01   2.3891858e-02
   4.2700000e+01   1.6000000e+01   1.6000000e+01   2.0119459e-02
   4.2800000e+01  -1.0000000e+00  -1.0000000e+00  -1.2574662e-03
   4.2900000e+01   2.8000000e+01   2.8000000e+01   3.5209054e-02
   4.3000000e+01  -1.5000000e+01  -1.5000000e+01  -1.8861993e-02
   4.3100000e+01   2.4000000e+01   2.4000000e+01   3.0179189e-02
   4.3200000e+01   0.0000000e+00   0.0000000e+00   0.0000000e+00
   4.3300000e+01   1.8000000e+01   1.8000000e+01   2.2634392e-02
   4.3400000e+01   2.9000000e+01   2.9000000e+01   3.6466520e-02
   4.3500000e+01  -3.0000000e+00  -3.0000000e+00  -3.7723986e-03
   4.3600000e+01   9.0000000e+00   9.0000000e+00   1.1317196e-02
   4.3700000e+01   1.2000000e+01   1.2000000e+01   1.5089594e-02
   4.3800000e+01   6.0000000e+00   6.0000000e+00   7.5447972e-03
   4.3900000e+01  -1.6000000e+01  -1.6000000e+01  -2.0119459e-02
   4.4000000e+01  -6.0000000e+00  -6.0000000e+00  -7.5447972e-03
   4.4100000e+01  -1.9000000e+01  -1.9000000e+01  -2.3891858e-02
   4.4200000e+01   4.0000000e+00   4.0000000e+00   5.0298648e-03
   4.4300000e+01   0.0000000e+00   0.0000000e+00   0.0000000e+00
   4.4400000e+01  -4.0000000e+00  -4.0000000e+00  -5.0298648e-03
   4.4500000e+01   2.0000000e+00   2.0000000e+00   2.5149324e-03
   4.4600000e+01   1.5000000e+01   1.5000000e+01   1.8861993e-02
   4.4700000e+01   5.0000000e+00   5.0000000e+00   6.2873310e-03
   4.4800000e+01   2.4000000e+01   2.4000000e+01   3.0179189e-02
   4.4900000e+01  -2.9000000e+01  -2.9000000e+01  -3.6466520e-02
   4.5000000e+01   1.7000000e+01   1.7000000e+01   2.1376925e-02
   4.5100000e+01   2.0000000e+00   2.0000000e+00   2.5149324e-03
   4.5200000e+01   2.3000000e+01   2.3000000e+01   2.8921723e-02
   4.5300000e+01  -1.1000000e+01  -1.1000000e+01  -1.3832128e-02
   4.5400000e+01   8.0000000e+00   8.0000000e+00   1.0059730e-02
   4.5500000e+01  -1.5000000e+01  -1.5000000e+01  -1.8861993e-02
   4.5600000e+01   4.0000000e+00   4.0000000e+00   5.0298648e-03
   4.5700000e+01  -5.0000000e+00  -5.0000000e+00  -6.2873310e-03
   4.5800000e+01  -7.0000000e+00  -7.0000000e+00  -8.8022634e-03
   4.5900000e+01  -4.3000000e+01  -4.3000000e+01  -5.4071047e-02
   4.6000000e+01  -1.7000000e+01  -1.7000000e+01  -2.1376925e-02
   4.6100000e+01   1.3000000e+01   1.3000000e+01   1.6347061e-02
   4.6200000e+01  -1.2000000e+01  -1.2000000e+01  -1.5089594e-02
   4.6300000e+01  -2.2000000e+01  -2.2000000e+01  -2.7664257e-02
   4.6400000e+01   9.0000000e+00   9.0000000e+00   1.1317196e-02
   4.6500000e+01  -5.0000000e+00  -5.0000000e+00  -6.2873310e-03
   4.6600000e+01   1.0000000e+01   1.0000000e+01   1.2574662e-02
   4.6700000e+01   6.0000000e+00   6.0000000e+00   7.5447972e-03
   4.6800000e+01  -2.4000000e+01  -2.4000000e+01  -3.0179189e-02
   4.6900000e+01  -1.0000000e+00  -1.0000000e+00  -1.2574662e-03
   4.7000000e+01   3.0000000e+00   3.0000000e+00   3.7723986e-03
   4.7100000e+01  -9.0000000e+00  -9.0000000e+00  -1.1317196e-02
   4.7200000e+01  -1.2000000e+01  -1.2000000e+01  -1.5089594e-02
   4.7300000e+01   3.0000000e+00   3.0000000e+00   3.7723986e-03
   4.7400000e+01  -1.8000000e+01  -1.8000000e+01  -2.2634392e-02
   4.7500000e+01   3.3000000e+01   3.3000000e+01   4.1496385e-02
   4.7600000e+01   1.7000000e+01   1.7000000e+01   2.1376925e-02
   4.7700000e+01  -2.6000000e+01  -2.6000000e+01  -3.2694121e-02
   4.7800000e+01   2.0000000e+00   2.0000000e+00   2.5149324e-03
   4.7900000e+01  -1.4000000e+01  -1.4000000e+01  -1.7604527e-02
   4.8000000e+01  -1.7000000e+01  -1.7000000e+01  -2.1376925e-02
   4.8100000e+01  -1.0000000e+00  -1.0000000e+00  -1.2574662e-03
   4.8200000e+01  -1.0000000e+00  -1.0000000e+00  -1.2574662e-03
   4.8300000e+01  -1.2000000e+01  -1.2000000e+01  -1.5089594e-02
   4.8400000e+01  -2.3000000e+01  -2.3000000e+01  -2.8921723e-02
   4.8500000e+01   1.0000000e+01   1.0000000e+01   1.2574662e-02
   4.8600000e+01  -8.0000000e+00  -8.0000000e+00  -1.0059730e-02
   4.8700000e+01   9.0000000e+00   9.0000000e+00   1.1317196e-02
   4.8800000e+01   3.3000000e+01   3.3000000e+01   4.1496385e-02
   4.8900000e+01  -2.5000000e+01  -2.5000000e+01  -3.1436655e-02
   4.9000000e+01  -1.1000000e+01  -1.1000000e+01  -1.3832128e-02
   4.9100000e+01  -1.7000000e+01  -1.7000000e+01  -2.1376925e-02
   4.9200000e+01  -1.4000000e+01  -1.4000000e+01  -1.7604527e-02
   4.9300000e+01  -5.0000000e+00  -5.0000000e+00  -6.2873310e-03
   4.9400000e+01  -3.0000000e+00  -3.0000000e+00  -3.7723986e-03
   4.9500000e+01   8.0000000e+00   8.0000000e+00   1.0059730e-02
   4.9600000e+01   2.2000000e+01   2.2000000e+01   2.7664257e-02
   4.9700000e+01  -1.1000000e+01  -1.1000000e+01  -1.3832128e-02
   4.9800000e+01   6.0000000e+00   6.0000000e+00   7.5447972e-03
   4.9900000e+01  -2.4000000e+01  -2.4000000e+01  -3.0179189e-02
   5.0000000e+01   1.0000000e+01   1.0000000e+01   1.2574662e-02
   5.0100000e+01  -1.7000000e+01  -1.7000000e+01  -2.1376925e-02
   5.0200000e+01   1.5000000e+01   1.5000000e+01   1.8861993e-02
   5.0300000e+01   1.6000000e+01   1.6000000e+01   2.0119459e-02
   5.0400000e+01   4.0000000e+00   4.0000000e+00   5.0298648e-03
   5.0500000e+01  -4.0000000e+00  -4.0000000e+00  -5.0298648e-03
   5.0600000e+01  -7.0000000e+00  -7.0000000e+00  -8.8022634e-03
   5.0700000e+01  -1.8000000e+01  -1.8000000e+01  -2.2634392e-02
   5.0800000e+01   2.3000000e+01   2.3000000e+01   2.8921723e-02
   5.0900000e+01  -1.5000000e+01  -1.5000000e+01  -1.8861993e-02
   5.1000000e+01  -1.6000000e+01  -1.6000000e+01  -2.0119459e-02
   5.1100000e+01   2.0000000e+00   2.0000000e+00   2.5149324e-03
   5.1200000e+01  -8.0000000e+00  -8.0000000e+00  -1.0059730e-02
   5.1300000e+01  -5.0000000e+00  -5.0000000e+00  -6.2873310e-03
   5.1400000e+01   2.5000000e+01   2.5000000e+01   3.1436655e-02
   5.1500000e+01   9.0000000e+00   9.0000000e+00   1.1317196e-02
   5.1600000e+01   1.8000000e+01   1.8000000e+01   2.2634392e-02
   5.1700000e+01   1.1000000e+01   1.1000000e+01   1.3832128e-02
   5.1800000e+01  -2.2000000e+01  -2.2000000e+01  -2.7664257e-02
   5.1900000e+01  -2.6000000e+01  -2.6000000e+01  -3.2694121e-02
   5.2000000e+01  -1.1000000e+01  -1.1000000e+01  -1.3832128e-02
   5.2100000e+01   6.0000000e+00   6.0000000e+00   7.5447972e-03
   5.2200000e+01  -6.0000000e+00  -6.0000000e+00  -7.5447972e-03
   5.2300000e+01   2.3000000e+01   2.3000000e+01   2.8921723e-02
   5.2400000e+01  -2.8000000e+01  -2.8000000e+01  -3.5209054e-02
   5.2500000e+01   2.1000000e+01   2.1000000e+01   2.6406790e-02
   5.2600000e+01   9.0000000e+00   9.0000000e+00   1.1317196e-02
   5.2700000e+01  -7.0000000e+00  -7.0000000e+00  -8.8022634e-03
   5.2800000e+01   3.4000000e+01   3.4000000e+01   4.2753851e-02
   5.2900000e+01  -1.5000000e+01  -1.5000000e+01  -1.8861993e-02
   5.3000000e+01  -7.0000000e+00  -7.0000000e+00  -8.8022634e-03
   5.3100000e+01   2.2000000e+01   2.2000000e+01   2.7664257e-02
   5.3200000e+01   2.6000000e+01   2.6000000e+01   3.2694121e-02
   5.3300000e+01   5.0000000e+00   5.0000000e+00   6.2873310e-03
   5.3400000e+01   1.2000000e+01   1.2000000e+01   1.5089594e-02
   5.3500000e+01   1.7000000e+01   1.7000000e+01   2.1376925e-02
   5.3600000e+01   1.6000000e+01   1.6000000e+01   2.0119459e-02
   5.3700000e+01  -9.0000000e+00  -9.0000000e+00  -1.1317196e-02
   5.3800000e+01   5.0000000e+00   5.0000000e+00   6.2873310e-03
   5.3900000e+01   2.0000000e+00   2.0000000e+00   2.5149324e-03
   5.4000000e+01   1.2000000e+01   1.2000000e+01   1.5089594e-02
   5.4100000e+01  -1.4000000e+01  -1.4000000e+01  -1.7604527e-02
   5.4200000e+01   8.0000000e+00   8.0000000e+00   1.0059730e-02
   5.4300000e+01  -5.0000000e+00  -5.0000000e+00  -6.2873310e-03
   5.4400000e+01   9.0000000e+00   9.0000000e+00   1.1317196e-02
   5.4500000e+01   1.4000000e+01   1.4000000e+01   1.7604527e-02
   5.4600000e+01  -6.0000000e+00  -6.0000000e+00  -7.5447972e-03
   5.4700000e+01  -1.6000000e+01  -1.6000000e+01  -2.0119459e-02
   5.4800000e+01  -1.0000000e+01  -1.0000000e+01  -1.2574662e-02
   5.4900000e+01  -1.4000000e+01  -1.4000000e+01  -1.7604527e-02
   5.5000000e+01  -2.0000000e+00  -2.0000000e+00  -2.5149324e-03
   5.5100000e+01   3.0000000e+00   3.0000000e+00   3.7723986e-03
   5.5200000e+01   4.0000000e+00   4.0000000e+00   5.0298648e-03
   5.5300000e+01   1.4000000e+01   1.4000000e+01   1.7604527e-02
   5.5400000e+01  -8.0000000e+00  -8.0000000e+00  -1.0059730e-02
   5.5500000e+01  -3.0000000e+00  -3.0000000e+00  -3.7723986e-03
   5.5600000e+01   4.0000000e+00   4.0000000e+00   5.0298648e-03
   5.5700000e+01  -6.0000000e+00  -6.0000000e+00  -7.5447972e-03
   5.5800000e+01  -1.0000000e+00  -1.0000000e+00  -1.2574662e-03
   5.5900000e+01   1.5000000e+01   1.5000000e+01   1.8861993e-02
   5.6000000e+01   2.4000000e+01   2.4000000e+01   3.0179189e-02
   5.6100000e+01  -1.0000000e+01  -1.0000000e+01  -1.2574662e-02
   5.6200000e+01   3.5000000e+01   3.5000000e+01   4.4011317e-02
   5.6300000e+01  -1.9000000e+01  -1.9000000e+01  -2.3891858e-02
   5.6400000e+01  -6.0000000e+00  -6.0000000e+00  -7.5447972e-03
   5.6500000e+01   2.8000000e+01   2.8000000e+01   3.5209054e-02
   5.6600000e+01   1.5000000e+01   1.5000000e+01   1.8861993e-02
   5.6700000e+01  -1.4000000e+01  -1.4000000e+01  -1.7604527e-02
   5.6800000e+01  -1.3000000e+01  -1.3000000e+01  -1.6347061e-02
   5.6900000e+01  -2.3000000e+01  -2.3000000e+01  -2.8921723e-02
   5.7000000e+01   2.4000000e+01   2.4000000e+01   3.0179189e-02
   5.7100000e+01   6.0000000e+00   6.0000000e+00   7.5447972e-03
   5.7200000e+01  -1.2000000e+01  -1.2000000e+01  -1.5089594e-02
   5.7300000e+01  -2.4000000e+01  -2.4000000e+01  -3.0179189e-02
   5.7400000e+01  -2.4000000e+01  -2.4000000e+01  -3.0179189e-02
   5.7500000e+01   1.0000000e+01   1.0000000e+01   1.2574662e-02
   5.7600000e+01   3.0000000e+00   3.0000000e+00   3.7723986e-03
   5.7700000e+01   2.8000000e+01   2.8000000e+01   3.5209054e-02
   5.7800000e+01   2.0000000e+00   2.0000000e+00   2.5149324e-03
   5.7900000e+01   1.2000000e+01   1.2000000e+01   1.5089594e-02
   5.8000000e+01   2.0000000e+00   2.0000000e+00   2.5149324e-03
   5.8100000e+01   1.0000000e+00   1.0000000e+00   1.2574662e-03
   5.8200000e+01  -6.0000000e+00  -6.0000000e+00  -7.5447972e-03
   5.8300000e+01  -1.6000000e+01  -1.6000000e+01  -2.0119459e-02
   5.8400000e+01  -4.0000000e+00  -4.0000000e+00  -5.0298648e-03
   5.8500000e+01   1.9000000e+01   1.9000000e+01   2.3891858e-02
   5.8600000e+01   3.4000000e+01   3.4000000e+01   4.2753851e-02
   5.8700000e+01  -1.3000000e+01  -1.3000000e+01  -1.6347061e-02
   5.8800000e+01   2.0000000e+00   2.0000000e+00   2.5149324e-03
   5.8900000e+01  -1.3000000e+01  -1.3000000e+01  -1.6347061e-02
   5.9000000e+01   3.0000000e+00   3.0000000e+00   3.7723986e-03
   5.9100000e+01   3.8000000e+01   3.8000000e+01   4.7783716e-02
   5.9200000e+01  -5.0000000e+00  -5.0000000e+00  -6.2873310e-03
   5.9300000e+01   7.0000000e+00   7.0000000e+00   8.8022634e-03
   5.9400000e+01   1.9000000e+01   1.9000000e+01   2.3891858e-02
   5.9500000e+01  -1.7000000e+01  -1.7000000e+01  -2.1376925e-02
   5.9600000e+01  -1.5000000e+01  -1.5000000e+01  -1.8861993e-02
   5.9700000e+01  -1.0000000e+01  -1.0000000e+01  -1.2574662e-02
   5.9800000e+01  -1.1000000e+01  -1.1000000e+01  -1.3832128e-02
   5.9900000e+01  -1.1000000e+01  -1.1000000e+01  -1.3832128e-02
   6.0000000e+01  -7.0000000e+00  -7.0000000e+00  -8.8022634e-03
   6.0100000e+01  -1.5000000e+01  -1.5000000e+01  -1.8861993e-02
   6.0200000e+01  -4.0000000e+00  -4.0000000e+00  -5.0298648e-03
   6.0300000e+01  -4.0000000e+00  -4.0000000e+00  -5.0298648e-03
   6.0400000e+01   7.0000000e+00   7.0000000e+00   8.8022634e-03
   6.0500000e+01  -1.4000000e+01  -1.4000000e+01  -1.7604527e-02
   6.0600000e+01   1.4000000e+01   1.4000000e+01   1.7604527e-02
   6.0700000e+01  -9.0000000e+00  -9.0000000e+00  -1.1317196e-02
   6.0800000e+01   2.0000000e+00   2.0000000e+00   2.5149324e-03
   6.0900000e+01  -9.0000000e+00  -9.0000000e+00  -1.1317196e-02
   6.1000000e+01   1.7000000e+01   1.7000000e+01   2.1376925e-02
   6.1100000e+01  -2.1000000e+01  -2.1000000e+01  -2.6406790e-02
   6.1200000e+01   1.1000000e+01   1.1000000e+01   1.3832128e-02
   6.1300000e+01  -9.0000000e+00  -9.0000000e+00  -1.1317196e-02
   6.1400000e+01  -7.0000000e+00  -7.0000000e+00  -8.8022634e-03
   6.1500000e+01   7.0000000e+00   7.0000000e+00   8.8022634e-03
   6.1600000e+01   1.8000000e+01   1.8000000e+01   2.2634392e-02
   6.1700000e+01  -1.1000000e+01  -1.1000000e+01  -1.3832128e-02
   6.1800000e+01   9.0000000e+00   9.0000000e+00   1.1317196e-02
   6.1900000e+01  -7.0000000e+00  -7.0000000e+00  -8.8022634e-03
   6.2000000e+01  -3.0000000e+00  -3.0000000e+00  -3.7723986e-03
   6.2100000e+01   2.2000000e+01   2.2000000e+01   2.7664257e-02
   6.2200000e+01  -9.0000000e+00  -9.0000000e+00  -1.1317196e-02
   6.2300000e+01  -3.0000000e+00  -3.0000000e+00  -3.7723986e-03
   6.2400000e+01   2.0000000e+00   2.0000000e+00   2.5149324e-03
   6.2500000e+01  -8.0000000e+00  -8.0000000e+00  -1.0059730e-02
   6.2600000e+01  -2.1000000e+01  -2.1000000e+01  -2.6406790e-02
   6.2700000e+01   1.6000000e+01   1.6000000e+01   2.0119459e-02
   6.2800000e+01   1.0000000e+01   1.0000000e+01   1.2574662e-02
   6.2900000e+01   1.5000000e+01   1.5000000e+01   1.8861993e-02
   6.3000000e+01  -2.0000000e+01  -2.0000000e+01  -2.5149324e-02
   6.3100000e+01  -4.0000000e+00  -4.0000000e+00  -5.0298648e-03
   6.3200000e+01  -1.1000000e+01  -1.1000000e+01  -1.3832128e-02
   6.3300000e+01  -2.5000000e+01  -2.5000000e+01  -3.1436655e-02
   6.3400000e+01  -2.5000000e+01  -2.5000000e+01  -3.1436655e-02
   6.3500000e+01   6.0000000e+00   6.0000000e+00   7.5447972e-03
   6.3600000e+01  -1.5000000e+01  -1.5000000e+01  -1.8861993e-02
   6.3700000e+01  -7.0000000e+00  -7.0000000e+00  -8.8022634e-03
   6.3800000e+01   0.0000000e+00   0.0000000e+00   0.0000000e+00
   6.3900000e+01  -6.0000000e+00  -6.0000000e+00  -7.5447972e-03
   6.4000000e+01  -2.4000000e+01  -2.4000000e+01  -3.0179189e-02
   6.4100000e+01  -1.6000000e+01  -1.6000000e+01  -2.0119459e-02
   6.4200000e+01  -5.0000000e+00  -5.0000000e+00  -6.2873310e-03
   6.4300000e+01   2.0000000e+00   2.0000000e+00   2.5149324e-03
   6.4400000e+01   5.0000000e+00   5.0000000e+00   6.2873310e-03
   6.4500000e+01  -2.0000000e+00  -2.0000000e+00  -2.5149324e-03
   6.4600000e+01   2.4000000e+01   2.4000000e+01   3.0179189e-02
   6.4700000e+01   1.4000000e+01   1.4000000e+01   1.7604527e-02
   6.4800000e+01   0.0000000e+00   0.0000000e+00   0.0000000e+00
   6.4900000e+01   5.0000000e+00   5.0000000e+00   6.2873310e-03
   6.5000000e+01  -1.1000000e+01  -1.1000000e+01  -1.3832128e-02
   6.5100000e+01  -2.0000000e+00  -2.0000000e+00  -2.5149324e-03
   6.5200000e+01  -1.0000000e+01  -1.0000000e+01  -1.2574662e-02
   6.5300000e+01  -1.0000000e+00  -1.0000000e+00  -1.2574662e-03
   6.5400000e+01   4.0000000e+00   4.0000000e+00   5.0298648e-03
   6.5500000e+01   1.5000000e+01   1.5000000e+01   1.8861993e-02
   6.5600000e+01   1.6000000e+01   1.6000000e+01   2.0119459e-02
   6.5700000e+01  -9.0000000e+00  -9.0000000e+00  -1.1317196e-02
   6.5800000e+01  -1.0000000e+00  -1.0000000e+00  -1.2574662e-03
   6.5900000e+01  -2.4000000e+01  -2.4000000e+01  -3.0179189e-02
   6.6000000e+01   1.4000000e+01   1.4000000e+01   1.7604527e-02
   6.6100000e+01   3.3000000e+01   3.3000000e+01   4.1496385e-02
   6.6200000e+01  -1.0000000e+00  -1.0000000e+00  -1.2574662e-03
   6.6300000e+01  -1.5000000e+01  -1.5000000e+01  -1.8861993e-02
   6.6400000e+01   2.0000000e+00   2.0000000e+00   2.5149324e-03
   6.6500000e+01   1.8000000e+01   1.8000000e+01   2.2634392e-02
   6.6600000e+01  -2.2000000e+01  -2.2000000e+01  -2.7664257e-02
   6.6700000e+01   4.5000000e+01   4.5000000e+01   5.6585979e-02
   6.6800000e+01  -5.0000000e+00  -5.0000000e+00  -6.2873310e-03
   6.6900000e+01   5.0000000e+00   5.0000000e+00   6.2873310e-03
   6.7000000e+01  -1.1000000e+01  -1.1000000e+01  -1.3832128e-02
   6.7100000e+01   9.0000000e+00   9.0000000e+00   1.1317196e-02
   6.7200000e+01   2.1000000e+01   2.1000000e+01   2.6406790e-02
   6.7300000e+01   5.0000000e+00   5.0000000e+00   6.2873310e-03
   6.7400000e+01   8.0000000e+00   8.0000000e+00   1.0059730e-02
   6.7500000e+01  -9.0000000e+00  -9.0000000e+00  -1.1317196e-02
   6.7600000e+01  -6.0000000e+00  -6.0000000e+00  -7.5447972e-03
   6.7700000e+01  -2.5000000e+01  -2.5000000e+01  -3.1436655e-02
   6.7800000e+01   0.0000000e+00   0.0000000e+00   0.0000000e+00
   6.7900000e+01  -1.0000000e+00  -1.0000000e+00  -1.2574662e-03
   6.8000000e+01  -2.7000000e+01  -2.7000000e+01  -3.3951588e-02
   6.8100000e+01  -4.0000000e+00  -4.0000000e+00  -5.0298648e-03
   6.8200000e+01   2.9000000e+01   2.9000000e+01   3.6466520e-02
   6.8300000e+01  -7.0000000e+00  -7.0000000e+00  -8.8022634e-03
   6.8400000e+01   1.1000000e+01   1.1000000e+01   1.3832128e-02
   6.8500000e+01   2.6000000e+01   2.6000000e+01   3.2694121e-02
   6.8600000e+01   5.0000000e+00   5.0000000e+00   6.2873310e-03
   6.8700000e+01  -1.4000000e+01  -1.4000000e+01  -1.7604527e-02
   6.8800000e+01  -6.0000000e+00  -6.0000000e+00  -7.5447972e-03
   6.8900000e+01   1.3000000e+01   1.3000000e+01   1.6347061e-02
   6.9000000e+01   8.0000000e+00   8.0000000e+00   1.0059730e-02
   6.9100000e+01   5.0000000e+00   5.0000000e+00   6.2873310e-03
   6.9200000e+01  -1.8000000e+01  -1.8000000e+01  -2.2634392e-02
   6.9300000e+01   8.0000000e+00   8.0000000e+00   1.0059730e-02
   6.9400000e+01  -2.4000000e+01  -2.4000000e+01  -3.0179189e-02
   6.9500000e+01  -3.0000000e+00  -3.0000000e+00  -3.7723986e-03
   6.9600000e+01   1.0000000e+00   1.0000000e+00   1.2574662e-03
   6.9700000e+01   1.9000000e+01   1.9000000e+01   2.3891858e-02
   6.9800000e+01  -1.2000000e+01  -1.2000000e+01  -1.5089594e-02
   6.9900000e+01   0.0000000e+00   0.0000000e+00   0.0000000e+00
   7.0000000e+01   1.0000000e+00   1.0000000e+00   1.2574662e-03
   7.0100000e+01  -1.7000000e+01  -1.7000000e+01  -2.1376925e-02
   7.0200000e+01   3.5000000e+01   3.5000000e+01   4.4011317e-02
   7.0300000e+01   3.0000000e+00   3.0000000e+00   3.7723986e-03
   7.0400000e+01  -1.3000000e+01  -1.3000000e+01  -1.6347061e-02
   7.0500000e+01   1.7000000e+01   1.7000000e+01   2.1376925e-02
   7.0600000e+01   0.0000000e+00   0.0000000e+00   0.0000000e+00
   7.0700000e+01   1.4000000e+01   1.4000000e+01   1.7604527e-02
   7.0800000e+01   2.2000000e+01   2.2000000e+01   2.7664257e-02
   7.0900000e+01  -1.8000000e+01  -1.8000000e+01  -2.2634392e-02
   7.1000000e+01   1.4000000e+01   1.4000000e+01   1.7604527e-02
   7.1100000e+01   2.0000000e+00   2.0000000e+00   2.5149324e-03
   7.1200000e+01  -9.0000000e+00  -9.0000000e+00  -1.1317196e-02
   7.1300000e+01  -1.4000000e+01  -1.4000000e+01  -1.7604527e-02
   7.1400000e+01   6.0000000e+00   6.0000000e+00   7.5447972e-03
   7.1500000e+01  -1.6000000e+01  -1.6000000e+01  -2.0119459e-02
   7.1600000e+01   0.0000000e+00   0.0000000e+00   0.0000000e+00
   7.1700000e+01  -1.0000000e+00  -1.0000000e+00  -1.2574662e-03
   7.1800000e+01  -1.5000000e+01  -1.5000000e+01  -1.8861993e-02
   7.1900000e+01   4.2000000e+01   4.2000000e+01   5.2813581e-02
   7.2000000e+01   8.0000000e+00   8.0000000e+00   1.0059730e-02
   7.2100000e+01  -2.0000000e+00  -2.0000000e+00  -2.5149324e-03
   7.2200000e+01  -1.2000000e+01  -1.2000000e+01  -1.5089594e-02
   7.2300000e+01  -1.4000000e+01  -1.4000000e+01  -1.7604527e-02
   7.2400000e+01  -1.7000000e+01  -1.7000000e+01  -2.1376925e-02
   7.2500000e+01   4.0000000e+00   4.0000000e+00   5.0298648e-03
   7.2600000e+01  -8.0000000e+00  -8.0000000e+00  -1.0059730e-02
   7.2700000e+01  -3.0000000e+00  -3.0000000e+00  -3.7723986e-03
   7.2800000e+01   6.0000000e+00   6.0000000e+00   7.5447972e-03
   7.2900000e+01   1.3000000e+01   1.3000000e+01   1.6347061e-02
   7.3000000e+01  -9.0000000e+00  -9.0000000e+00  -1.1317196e-02
   7.3100000e+01   1.3000000e+01   1.3000000e+01   1.6347061e-02
   7.3200000e+01   1.2000000e+01   1.2000000e+01   1.5089594e-02
   7.3300000e+01   2.4000000e+01   2.4000000e+01   3.0179189e-02
   7.3400000e+01  -1.7000000e+01  -1.7000000e+01  -2.1376925e-02
   7.3500000e+01  -6.0000000e+00  -6.0000000e+00  -7.5447972e-03
   7.3600000e+01   9.0000000e+00   9.0000000e+00   1.1317196e-02
   7.3700000e+01  -2.1000000e+01  -2.1000000e+01  -2.6406790e-02
   7.3800000e+01   1.9000000e+01   1.9000000e+01   2.3891858e-02
   7.3900000e+01   1.2000000e+01   1.2000000e+01   1.5089594e-02
   7.4000000e+01   4.0000000e+00   4.0000000e+00   5.0298648e-03
   7.4100000e+01   2.2000000e+01   2.2000000e+01   2.7664257e-02
   7.4200000e+01  -1.0000000e+01  -1.0000000e+01  -1.2574662e-02
   7.4300000e+01   1.0000000e+00   1.0000000e+00   1.2574662e-03
   7.4400000e+01  -1.3000000e+01  -1.3000000e+01  -1.6347061e-02
   7.4500000e+01   3.0000000e+01   3.0000000e+01   3.7723986e-02
   7.4600000e+01   4.0000000e+00   4.0000000e+00   5.0298648e-03
   7.4700000e+01  -2.7000000e+01  -2.7000000e+01  -3.3951588e-02
   7.4800000e+01   6.0000000e+00   6.0000000e+00   7.5447972e-03
   7.4900000e+01   5.0000000e+00   5.0000000e+00   6.2873310e-03
   7.5000000e+01   2.1000000e+01   2.1000000e+01   2.6406790e-02
   7.5100000e+01   3.9000000e+01   3.9000000e+01   4.9041182e-02
   7.5200000e+01   3.0000000e+00   3.0000000e+00   3.7723986e-03
   7.5300000e+01  -2.3000000e+01  -2.3000000e+01  -2.8921723e-02
   7.5400000e+01  -2.8000000e+01  -2.8000000e+01  -3.5209054e-02
   7.5500000e+01  -8.0000000e+00  -8.0000000e+00  -1.0059730e-02
   7.5600000e+01  -4.7000000e+01  -4.7000000e+01  -5.9100912e-02
   7.5700000e+01   2.2000000e+01   2.2000000e+01   2.7664257e-02
   7.5800000e+01  -6.0000000e+00  -6.0000000e+00  -7.5447972e-03
   7.5900000e+01   1.5000000e+01   1.5000000e+01   1.8861993e-02
   7.6000000e+01   4.0000000e+00   4.0000000e+00   5.0298648e-03
   7.6100000e+01   6.0000000e+00   6.0000000e+00   7.5447972e-03
   7.6200000e+01  -2.9000000e+01  -2.9000000e+01  -3.6466520e-02
   7.6300000e+01   1.8000000e+01   1.8000000e+01   2.2634392e-02
   7.6400000e+01  -1.4000000e+01  -1.4000000e+01  -1.7604527e-02
   7.6500000e+01  -1.4000000e+01  -1.4000000e+01  -1.7604527e-02
   7.6600000e+01   6.0000000e+00   6.0000000e+00   7.5447972e-03
   7.6700000e+01   1.1000000e+01   1.1000000e+01   1.3832128e-02
   7.6800000e+01  -1.2000000e+01  -1.2000000e+01  -1.5089594e-02
   7.6900000e+01   2.0000000e+01   2.0000000e+01   2.5149324e-02
   7.7000000e+01  -7.0000000e+00  -7.0000000e+00  -8.8022634e-03
   7.7100000e+01  -1.0000000e+01  -1.0000000e+01  -1.2574662e-02
   7.7200000e+01  -4.0000000e+00  -4.0000000e+00  -5.0298648e-03
   7.7300000e+01  -1.4000000e+01  -1.4000000e+01  -1.7604527e-02
   7.7400000e+01   1.1000000e+01   1.1000000e+01   1.3832128e-02
   7.7500000e+01   1.2000000e+01   1.2000000e+01   1.5089594e-02
   7.7600000e+01  -3.5000000e+01  -3.5000000e+01  -4.4011317e-02
   7.7700000e+01  -6.0000000e+00  -6.0000000e+00  -7.5447972e-03
   7.7800000e+01  -2.0000000e+00  -2.0000000e+00  -2.5149324e-03
   7.7900000e+01   1.0000000e+01   1.0000000e+01   1.2574662e-02
   7.8000000e+01   5.0000000e+01   5.0000000e+01   6.2873310e-02
   7.8100000e+01   3.1000000e+01   3.1000000e+01   3.8981452e-02
