   0.0000000e+00   7.1600000e+02   7.1600000e+02   1.0145236e+00
   1.0000000e-01   7.3600000e+02   7.3600000e+02   1.0428622e+00
   2.0000000e-01   7.0600000e+02   7.0600000e+02   1.0003542e+00
   3.0000000e-01   7.2300000e+02   7.2300000e+02   1.0244421e+00
   4.0000000e-01   6.5800000e+02   6.5800000e+02   9.3234148e-01
   5.0000000e-01   7.1700000e+02   7.1700000e+02   1.0159405e+00
   6.0000000e-01   6.9500000e+02   6.9500000e+02   9.8476798e-01
   7.0000000e-01   6.5500000e+02   6.5500000e+02   9.2809068e-01
   8.0000000e-01   7.6400000e+02   7.6400000e+02   1.0825363e+00
   9.0000000e-01   7.2100000e+02   7.2100000e+02   1.0216082e+00
   1.0000000e+00   6.6100000e+02   6.6100000e+02   9.3659228e-01
   1.1000000e+00   8.1100000e+02   8.1100000e+02   1.1491321e+00
   1.2000000e+00   7.3000000e+02   7.3000000e+02   1.0343606e+00
   1.3000000e+00   6.6600000e+02   6.6600000e+02   9.4367694e-01
   1.4000000e+00   6.6800000e+02   6.6800000e+02   9.4651080e-01
   1.5000000e+00   7.4800000e+02   7.4800000e+02   1.0598654e+00
   1.6000000e+00   7.2300000e+02   7.2300000e+02   1.0244421e+00
   1.7000000e+00   7.7100000e+02   7.7100000e+02   1.0924548e+00
   1.8000000e+00   7.1600000e+02   7.1600000e+02   1.0145236e+00
   1.9000000e+00   7.2300000e+02   7.2300000e+02   1.0244421e+00
   2.0000000e+00   6.6400000e+02   6.6400000e+02   9.4084307e-01
   2.1000000e+00   7.1700000e+02   7.1700000e+02   1.0159405e+00
   2.2000000e+00   7.6200000e+02   7.6200000e+02   1.0797024e+00
   2.3000000e+00   7.3200000e+02   7.3200000e+02   1.0371945e+00
   2.4000000e+00   8.2200000e+02   8.2200000e+02   1.1647184e+00
   2.5000000e+00   6.0200000e+02   6.0200000e+02   8.5299327e-01
   2.6000000e+00   5.7700000e+02   5.7700000e+02   8.1756996e-01
   2.7000000e+00   5.8300000e+02   5.8300000e+02   8.2607156e-01
   2.8000000e+00   5.5100000e+02   5.5100000e+02   7.8072972e-01
   2.9000000e+00   6.1900000e+02   6.1900000e+02   8.7708112e-01
   3.0000000e+00   6.5200000e+02   6.5200000e+02   9.2383989e-01
   3.1000000e+00   6.6100000e+02   6.6100000e+02   9.3659228e-01
   3.2000000e+00   6.0600000e+02   6.0600000e+02   8.5866100e-01
   3.3000000e+00   5.9900000e+02   5.9900000e+02   8.4874247e-01
   3.4000000e+00   5.8000000e+02   5.8000000e+02   8.2182076e-01
   3.5000000e+00   6.2200000e+02   6.2200000e+02   8.8133192e-01
   3.6000000e+00   5.4500000e+02   5.4500000e+02   7.7222813e-01
   3.7000000e+00   5.8700000e+02   5.8700000e+02   8.3173928e-01
   3.8000000e+00   5.6700000e+02   5.6700000e+02   8.0340064e-01
   3.9000000e+00   5.6600000e+02   5.6600000e+02   8.0198371e-01
   4.0000000e+00   5.9500000e+02   5.9500000e+02   8.4307474e-01
   4.1000000e+00   5.7000000e+02   5.7000000e+02   8.0765143e-01
   4.2000000e+00   5.4400000e+02   5.4400000e+02   7.7081119e-01
   4.3000000e+00   4.9900000e+02   4.9900000e+02   7.0704924e-01
   4.4000000e+00   5.1200000e+02   5.1200000e+02   7.2546936e-01
   4.5000000e+00   4.0600000e+02   4.0600000e+02   5.7527453e-01
   4.6000000e+00   4.1600000e+02   4.1600000e+02   5.8944385e-01
   4.7000000e+00   4.2000000e+02   4.2000000e+02   5.9511158e-01
   4.8000000e+00   3.6700000e+02   3.6700000e+02   5.2001417e-01
   4.9000000e+00   4.2300000e+02   4.2300000e+02   5.9936238e-01
   5.0000000e+00   3.9900000e+02   3.9900000e+02   5.6535600e-01
   5.1000000e+00   3.6300000e+02   3.6300000e+02   5.1434644e-01
   5.2000000e+00   4.4900000e+02   4.4900000e+02   6.3620262e-01
   5.3000000e+00   4.6000000e+02   4.6000000e+02   6.5178888e-01
   5.4000000e+00   4.1600000e+02   4.1600000e+02   5.8944385e-01
   5.5000000e+00   4.4900000e+02   4.4900000e+02   6.3620262e-01
   5.6000000e+00   3.9200000e+02   3.9200000e+02   5.5543748e-01
   5.7000000e+00   3.6800000e+02   3.6800000e+02   5.2143110e-01
   5.8000000e+00   4.2500000e+02   4.2500000e+02   6.0219625e-01
   5.9000000e+00   4.3900000e+02   4.3900000e+02   6.2203330e-01
   6.0000000e+00   3.9800000e+02   3.9800000e+02   5.6393907e-01
   6.1000000e+00   4.5000000e+02   4.5000000e+02   6.3761955e-01
   6.2000000e+00   4.4000000e+02   4.4000000e+02   6.2345023e-01
   6.3000000e+00   4.2000000e+02   4.2000000e+02   5.9511158e-01
   6.4000000e+00   4.9500000e+02   4.9500000e+02   7.0138151e-01
   6.5000000e+00   4.1800000e+02   4.1800000e+02   5.9227772e-01
   6.6000000e+00   4.8300000e+02   4.8300000e+02   6.8437832e-01
   6.7000000e+00   4.1600000e+02   4.1600000e+02   5.8944385e-01
   6.8000000e+00   4.8900000e+02   4.8900000e+02   6.9287991e-01
   6.9000000e+00   3.8400000e+02   3.8400000e+02   5.4410202e-01
   7.0000000e+00   4.1600000e+02   4.1600000e+02   5.8944385e-01
   7.1000000e+00   4.2200000e+02   4.2200000e+02   5.9794545e-01
   7.2000000e+00   3.2800000e+02   3.2800000e+02   4.6475381e-01
   7.3000000e+00   2.8600000e+02   2.8600000e+02   4.0524265e-01
   7.4000000e+00   2.9400000e+02   2.9400000e+02   4.1657811e-01
   7.5000000e+00   2.6400000e+02   2.6400000e+02   3.7407014e-01
   7.6000000e+00   2.7800000e+02   2.7800000e+02   3.9390719e-01
   7.7000000e+00   2.8400000e+02   2.8400000e+02   4.0240878e-01
   7.8000000e+00   2.9700000e+02   2.9700000e+02   4.2082891e-01
   7.9000000e+00   3.1600000e+02   3.1600000e+02   4.4775062e-01
   8.0000000e+00   3.0700000e+02   3.0700000e+02   4.3499823e-01
   8.1000000e+00   3.2900000e+02   3.2900000e+02   4.6617074e-01
   8.2000000e+00   2.9500000e+02   2.9500000e+02   4.1799504e-01
   8.3000000e+00   3.2500000e+02   3.2500000e+02   4.6050301e-01
   8.4000000e+00   3.0200000e+02   3.0200000e+02   4.2791357e-01
   8.5000000e+00   2.8000000e+02   2.8000000e+02   3.9674106e-01
   8.6000000e+00   2.9000000e+02   2.9000000e+02   4.1091038e-01
   8.7000000e+00   2.8600000e+02   2.8600000e+02   4.0524265e-01
   8.8000000e+00   3.0700000e+02   3.0700000e+02   4.3499823e-01
   8.9000000e+00   2.3300000e+02   2.3300000e+02   3.3014524e-01
   9.0000000e+00   2.8300000e+02   2.8300000e+02   4.0099185e-01
   9.1000000e+00   3.1800000e+02   3.1800000e+02   4.5058448e-01
   9.2000000e+00   3.3300000e+02   3.3300000e+02   4.7183847e-01
   9.3000000e+00   2.9000000e+02   2.9000000e+02   4.1091038e-01
   9.4000000e+00   2.6200000e+02   2.6200000e+02   3.7123627e-01
   9.5000000e+00   2.9100000e+02   2.9100000e+02   4.1232731e-01
   9.6000000e+00   2.7500000e+02   2.7500000e+02   3.8965639e-01
   9.7000000e+00   2.9400000e+02   2.9400000e+02   4.1657811e-01
   9.8000000e+00   2.9000000e+02   2.9000000e+02   4.1091038e-01
   9.9000000e+00   2.7700000e+02   2.7700000e+02   3.9249026e-01
   1.0000000e+01   2.8800000e+02   2.8800000e+02   4.0807651e-01
   1.0100000e+01   2.5200000e+02   2.5200000e+02   3.5706695e-01
   1.0200000e+01   2.7100000e+02   2.7100000e+02   3.8398866e-01
   1.0300000e+01   2.7600000e+02   2.7600000e+02   3.9107333e-01
   1.0400000e+01   3.5800000e+02   3.5800000e+02   5.0726178e-01
   1.0500000e+01   2.9900000e+02   2.9900000e+02   4.2366277e-01
   1.0600000e+01   2.8800000e+02   2.8800000e+02   4.0807651e-01
   1.0700000e+01   2.1900000e+02   2.1900000e+02   3.1030818e-01
   1.0800000e+01   2.2800000e+02   2.2800000e+02   3.2306057e-01
   1.0900000e+01   2.4600000e+02   2.4600000e+02   3.4856536e-01
   1.1000000e+01   2.0200000e+02   2.0200000e+02   2.8622033e-01
   1.1100000e+01   2.4200000e+02   2.4200000e+02   3.4289763e-01
   1.1200000e+01   2.5000000e+02   2.5000000e+02   3.5423309e-01
   1.1300000e+01   2.3900000e+02   2.3900000e+02   3.3864683e-01
   1.1400000e+01   2.7300000e+02   2.7300000e+02   3.8682253e-01
   1.1500000e+01   2.4700000e+02   2.4700000e+02   3.4998229e-01
   1.1600000e+01   9.9000000e+01   9.9000000e+01   1.4027630e-01
   1.1700000e+01   7.7000000e+01   7.7000000e+01   1.0910379e-01
   1.1800000e+01   7.6000000e+01   7.6000000e+01   1.0768686e-01
   1.1900000e+01   8.4000000e+01   8.4000000e+01   1.1902232e-01
   1.2000000e+01   1.1800000e+02   1.1800000e+02   1.6719802e-01
   1.2100000e+01   8.9000000e+01   8.9000000e+01   1.2610698e-01
   1.2200000e+01   1.0400000e+02   1.0400000e+02   1.4736096e-01
   1.2300000e+01   1.4800000e+02   1.4800000e+02   2.0970599e-01
   1.2400000e+01   1.6000000e+02   1.6000000e+02   2.2670917e-01
   1.2500000e+01   1.3400000e+02   1.3400000e+02   1.8986893e-01
   1.2600000e+01   1.6600000e+02   1.6600000e+02   2.3521077e-01
   1.2700000e+01   1.8000000e+02   1.8000000e+02   2.5504782e-01
   1.2800000e+01   1.3200000e+02   1.3200000e+02   1.8703507e-01
   1.2900000e+01   1.8100000e+02   1.8100000e+02   2.5646475e-01
   1.3000000e+01   1.5200000e+02   1.5200000e+02   2.1537372e-01
   1.3100000e+01   1.2900000e+02   1.2900000e+02   1.8278427e-01
   1.3200000e+01   1.0000000e+02   1.0000000e+02   1.4169323e-01
   1.3300000e+01   1.5600000e+02   1.5600000e+02   2.2104145e-01
   1.3400000e+01   1.6100000e+02   1.6100000e+02   2.2812611e-01
   1.3500000e+01   1.3600000e+02   1.3600000e+02   1.9270280e-01
   1.3600000e+01   2.0200000e+02   2.0200000e+02   2.8622033e-01
   1.3700000e+01   1.7000000e+02   1.7000000e+02   2.4087850e-01
   1.3800000e+01   1.3300000e+02   1.3300000e+02   1.8845200e-01
   1.3900000e+01   1.5400000e+02   1.5400000e+02   2.1820758e-01
   1.4000000e+01   1.1300000e+02   1.1300000e+02   1.6011335e-01
   1.4100000e+01   1.2600000e+02   1.2600000e+02   1.7853348e-01
   1.4200000e+01   1.2800000e+02   1.2800000e+02   1.8136734e-01
   1.4300000e+01   1.9400000e+02   1.9400000e+02   2.7488487e-01
   1.4400000e+01   1.5100000e+02   1.5100000e+02   2.1395678e-01
   1.4500000e+01   1.0700000e+02   1.0700000e+02   1.5161176e-01
   1.4600000e+01   1.8500000e+02   1.8500000e+02   2.6213248e-01
   1.4700000e+01   1.3400000e+02   1.3400000e+02   1.8986893e-01
   1.4800000e+01   1.6100000e+02   1.6100000e+02   2.2812611e-01
   1.4900000e+01   1.5600000e+02   1.5600000e+02   2.2104145e-01
   1.5000000e+01   1.6200000e+02   1.6200000e+02   2.2954304e-01
   1.5100000e+01   1.6100000e+02   1.6100000e+02   2.2812611e-01
   1.5200000e+01   1.3800000e+02   1.3800000e+02   1.9553666e-01
   1.5300000e+01   1.2700000e+02   1.2700000e+02   1.7995041e-01
   1.5400000e+01   1.7400000e+02   1.7400000e+02   2.4654623e-01
   1.5500000e+01   1.4200000e+02   1.4200000e+02   2.0120439e-01
   1.5600000e+01   1.2900000e+02   1.2900000e+02   1.8278427e-01
   1.5700000e+01   1.4300000e+02   1.4300000e+02   2.0262132e-01
   1.5800000e+01   1.1600000e+02   1.1600000e+02   1.6436415e-01
   1.5900000e+01   1.6900000e+02   1.6900000e+02   2.3946157e-01
   1.6000000e+01   1.6200000e+02   1.6200000e+02   2.2954304e-01
   1.6100000e+01   1.6100000e+02   1.6100000e+02   2.2812611e-01
   1.6200000e+01   1.4800000e+02   1.4800000e+02   2.0970599e-01
   1.6300000e+01   1.3900000e+02   1.3900000e+02   1.9695360e-01
   1.6400000e+01   1.6000000e+02   1.6000000e+02   2.2670917e-01
   1.6500000e+01   1.2300000e+02   1.2300000e+02   1.7428268e-01
   1.6600000e+01   1.6000000e+02   1.6000000e+02   2.2670917e-01
   1.6700000e+01   1.6600000e+02   1.6600000e+02   2.3521077e-01
   1.6800000e+01   1.6900000e+02   1.6900000e+02   2.3946157e-01
   1.6900000e+01   1.2700000e+02   1.2700000e+02   1.7995041e-01
   1.7000000e+01   1.3700000e+02   1.3700000e+02   1.9411973e-01
   1.7100000e+01   1.1700000e+02   1.1700000e+02   1.6578108e-01
   1.7200000e+01   1.0200000e+02   1.0200000e+02   1.4452710e-01
   1.7300000e+01   1.7600000e+02   1.7600000e+02   2.4938009e-01
   1.7400000e+01   2.0000000e+02   2.0000000e+02   2.8338647e-01
   1.7500000e+01   1.5900000e+02   1.5900000e+02   2.2529224e-01
   1.7600000e+01   1.4700000e+02   1.4700000e+02   2.0828905e-01
   1.7700000e+01   1.3600000e+02   1.3600000e+02   1.9270280e-01
   1.7800000e+01   1.3700000e+02   1.3700000e+02   1.9411973e-01
   1.7900000e+01   1.4700000e+02   1.4700000e+02   2.0828905e-01
   1.8000000e+01   1.3400000e+02   1.3400000e+02   1.8986893e-01
   1.8100000e+01   1.2100000e+02   1.2100000e+02   1.7144881e-01
   1.8200000e+01   1.2900000e+02   1.2900000e+02   1.8278427e-01
   1.8300000e+01   1.2900000e+02   1.2900000e+02   1.8278427e-01
   1.8400000e+01   1.6900000e+02   1.6900000e+02   2.3946157e-01
   1.8500000e+01   1.2600000e+02   1.2600000e+02   1.7853348e-01
   1.8600000e+01   1.4800000e+02   1.4800000e+02   2.0970599e-01
   1.8700000e+01   1.3400000e+02   1.3400000e+02   1.8986893e-01
   1.8800000e+01   1.4000000e+02   1.4000000e+02   1.9837053e-01
   1.8900000e+01   1.4800000e+02   1.4800000e+02   2.0970599e-01
   1.9000000e+01   1.5000000e+02   1.5000000e+02   2.1253985e-01
   1.9100000e+01   1.1400000e+02   1.1400000e+02   1.6153029e-01
   1.9200000e+01   1.7600000e+02   1.7600000e+02   2.4938009e-01
   1.9300000e+01   1.5900000e+02   1.5900000e+02   2.2529224e-01
   1.9400000e+01   1.2000000e+02   1.2000000e+02   1.7003188e-01
   1.9500000e+01   1.4600000e+02   1.4600000e+02   2.0687212e-01
   1.9600000e+01   1.9100000e+02   1.9100000e+02   2.7063408e-01
   1.9700000e+01   1.7000000e+02   1.7000000e+02   2.4087850e-01
   1.9800000e+01   1.3100000e+02   1.3100000e+02   1.8561814e-01
   1.9900000e+01   1.4700000e+02   1.4700000e+02   2.0828905e-01
   2.0000000e+01   1.3600000e+02   1.3600000e+02   1.9270280e-01
   2.0100000e+01   1.5300000e+02   1.5300000e+02   2.1679065e-01
   2.0200000e+01   1.5900000e+02   1.5900000e+02   2.2529224e-01
   2.0300000e+01   1.5300000e+02   1.5300000e+02   2.1679065e-01
   2.0400000e+01   1.1800000e+02   1.1800000e+02   1.6719802e-01
   2.0500000e+01   1.5500000e+02   1.5500000e+02   2.1962451e-01
   2.0600000e+01   1.4900000e+02   1.4900000e+02   2.1112292e-01
   2.0700000e+01   1.4800000e+02   1.4800000e+02   2.0970599e-01
   2.0800000e+01   1.3900000e+02   1.3900000e+02   1.9695360e-01
   2.0900000e+01   1.1400000e+02   1.1400000e+02   1.6153029e-01
   2.1000000e+01   1.1800000e+02   1.1800000e+02   1.6719802e-01
   2.1100000e+01   1.2200000e+02   1.2200000e+02   1.7286575e-01
   2.1200000e+01   1.5000000e+02   1.5000000e+02   2.1253985e-01
   2.1300000e+01   1.3100000e+02   1.3100000e+02   1.8561814e-01
   2.1400000e+01   1.8100000e+02   1.8100000e+02   2.5646475e-01
   2.1500000e+01   1.2100000e+02   1.2100000e+02   1.7144881e-01
   2.1600000e+01   1.3400000e+02   1.3400000e+02   1.8986893e-01
   2.1700000e+01   1.5300000e+02   1.5300000e+02   2.1679065e-01
   2.1800000e+01   1.3700000e+02   1.3700000e+02   1.9411973e-01
   2.1900000e+01   1.5200000e+02   1.5200000e+02   2.1537372e-01
   2.2000000e+01   1.4700000e+02   1.4700000e+02   2.0828905e-01
   2.2100000e+01   1.4900000e+02   1.4900000e+02   2.1112292e-01
   2.2200000e+01   1.6500000e+02   1.6500000e+02   2.3379384e-01
   2.2300000e+01   1.5200000e+02   1.5200000e+02   2.1537372e-01
   2.2400000e+01   1.1800000e+02   1.1800000e+02   1.6719802e-01
   2.2500000e+01   1.5100000e+02   1.5100000e+02   2.1395678e-01
   2.2600000e+01   1.4600000e+02   1.4600000e+02   2.0687212e-01
   2.2700000e+01   1.1700000e+02   1.1700000e+02   1.6578108e-01
   2.2800000e+01   1.5800000e+02   1.5800000e+02   2.2387531e-01
   2.2900000e+01   1.4000000e+02   1.4000000e+02   1.9837053e-01
   2.3000000e+01   1.0200000e+02   1.0200000e+02   1.4452710e-01
   2.3100000e+01   1.4100000e+02   1.4100000e+02   1.9978746e-01
   2.3200000e+01   1.1300000e+02   1.1300000e+02   1.6011335e-01
   2.3300000e+01   1.6100000e+02   1.6100000e+02   2.2812611e-01
   2.3400000e+01   1.4300000e+02   1.4300000e+02   2.0262132e-01
   2.3500000e+01   1.5800000e+02   1.5800000e+02   2.2387531e-01
   2.3600000e+01   1.5100000e+02   1.5100000e+02   2.1395678e-01
   2.3700000e+01   1.5000000e+02   1.5000000e+02   2.1253985e-01
   2.3800000e+01   1.7500000e+02   1.7500000e+02   2.4796316e-01
   2.3900000e+01   1.4500000e+02   1.4500000e+02   2.0545519e-01
   2.4000000e+01   1.2200000e+02   1.2200000e+02   1.7286575e-01
   2.4100000e+01   1.6500000e+02   1.6500000e+02   2.3379384e-01
   2.4200000e+01   1.5400000e+02   1.5400000e+02   2.1820758e-01
   2.4300000e+01   1.7700000e+02   1.7700000e+02   2.5079702e-01
   2.4400000e+01   1.3900000e+02   1.3900000e+02   1.9695360e-01
   2.4500000e+01   1.3500000e+02   1.3500000e+02   1.9128587e-01
   2.4600000e+01   1.5800000e+02   1.5800000e+02   2.2387531e-01
   2.4700000e+01   1.4600000e+02   1.4600000e+02   2.0687212e-01
   2.4800000e+01   1.1900000e+02   1.1900000e+02   1.6861495e-01
   2.4900000e+01   1.4200000e+02   1.4200000e+02   2.0120439e-01
   2.5000000e+01   1.7200000e+02   1.7200000e+02   2.4371236e-01
   2.5100000e+01   1.4000000e+02   1.4000000e+02   1.9837053e-01
   2.5200000e+01   1.6000000e+02   1.6000000e+02   2.2670917e-01
   2.5300000e+01   1.8900000e+02   1.8900000e+02   2.6780021e-01
   2.5400000e+01   1.8400000e+02   1.8400000e+02   2.6071555e-01
   2.5500000e+01   1.3000000e+02   1.3000000e+02   1.8420120e-01
   2.5600000e+01   1.3700000e+02   1.3700000e+02   1.9411973e-01
   2.5700000e+01   1.2000000e+02   1.2000000e+02   1.7003188e-01
   2.5800000e+01   1.4900000e+02   1.4900000e+02   2.1112292e-01
   2.5900000e+01   1.3500000e+02   1.3500000e+02   1.9128587e-01
   2.6000000e+01   1.3200000e+02   1.3200000e+02   1.8703507e-01
   2.6100000e+01   1.8700000e+02   1.8700000e+02   2.6496635e-01
   2.6200000e+01   1.6500000e+02   1.6500000e+02   2.3379384e-01
   2.6300000e+01   1.5900000e+02   1.5900000e+02   2.2529224e-01
   2.6400000e+01   1.3800000e+02   1.3800000e+02   1.9553666e-01
   2.6500000e+01   1.3500000e+02   1.3500000e+02   1.9128587e-01
   2.6600000e+01   1.6200000e+02   1.6200000e+02   2.2954304e-01
   2.6700000e+01   1.5100000e+02   1.5100000e+02   2.1395678e-01
   2.6800000e+01   1.6800000e+02   1.6800000e+02   2.3804463e-01
   2.6900000e+01   1.3400000e+02   1.3400000e+02   1.8986893e-01
   2.7000000e+01   1.5700000e+02   1.5700000e+02   2.2245838e-01
   2.7100000e+01   1.3600000e+02   1.3600000e+02   1.9270280e-01
   2.7200000e+01   1.6300000e+02   1.6300000e+02   2.3095997e-01
   2.7300000e+01   1.6800000e+02   1.6800000e+02   2.3804463e-01
   2.7400000e+01   1.2800000e+02   1.2800000e+02   1.8136734e-01
   2.7500000e+01   1.4600000e+02   1.4600000e+02   2.0687212e-01
   2.7600000e+01   1.5400000e+02   1.5400000e+02   2.1820758e-01
   2.7700000e+01   1.3100000e+02   1.3100000e+02   1.8561814e-01
   2.7800000e+01   1.3000000e+02   1.3000000e+02   1.8420120e-01
   2.7900000e+01   1.2300000e+02   1.2300000e+02   1.7428268e-01
   2.8000000e+01   1.4100000e+02   1.4100000e+02   1.9978746e-01
   2.8100000e+01   1.5600000e+02   1.5600000e+02   2.2104145e-01
   2.8200000e+01   1.7200000e+02   1.7200000e+02   2.4371236e-01
   2.8300000e+01   1.4100000e+02   1.4100000e+02   1.9978746e-01
   2.8400000e+01   1.6300000e+02   1.6300000e+02   2.3095997e-01
   2.8500000e+01   1.3900000e+02   1.3900000e+02   1.9695360e-01
   2.8600000e+01   1.2300000e+02   1.2300000e+02   1.7428268e-01
   2.8700000e+01   1.6300000e+02   1.6300000e+02   2.3095997e-01
   2.8800000e+01   1.3300000e+02   1.3300000e+02   1.8845200e-01
   2.8900000e+01   1.2000000e+02   1.2000000e+02   1.7003188e-01
   2.9000000e+01   1.6400000e+02   1.6400000e+02   2.3237690e-01
   2.9100000e+01   1.3800000e+02   1.3800000e+02   1.9553666e-01
   2.9200000e+01   1.4500000e+02   1.4500000e+02   2.0545519e-01
   2.9300000e+01   1.2200000e+02   1.2200000e+02   1.7286575e-01
   2.9400000e+01   1.4400000e+02   1.4400000e+02   2.0403826e-01
   2.9500000e+01   1.5900000e+02   1.5900000e+02   2.2529224e-01
   2.9600000e+01   1.5700000e+02   1.5700000e+02   2.2245838e-01
   2.9700000e+01   1.3000000e+02   1.3000000e+02   1.8420120e-01
   2.9800000e+01   9.6000000e+01   9.6000000e+01   1.3602550e-01
   2.9900000e+01   1.6100000e+02   1.6100000e+02   2.2812611e-01
   3.0000000e+01   1.2100000e+02   1.2100000e+02   1.7144881e-01
   3.0100000e+01   1.2100000e+02   1.2100000e+02   1.7144881e-01
   3.0200000e+01   1.2000000e+02   1.2000000e+02   1.7003188e-01
   3.0300000e+01   1.5300000e+02   1.5300000e+02   2.1679065e-01
   3.0400000e+01   1.2200000e+02   1.2200000e+02   1.7286575e-01
   3.0500000e+01   1.6500000e+02   1.6500000e+02   2.3379384e-01
   3.0600000e+01   1.3400000e+02   1.3400000e+02   1.8986893e-01
   3.0700000e+01   1.6100000e+02   1.6100000e+02   2.2812611e-01
   3.0800000e+01   1.6000000e+02   1.6000000e+02   2.2670917e-01
   3.0900000e+01   1.4400000e+02   1.4400000e+02   2.0403826e-01
   3.1000000e+01   1.8800000e+02   1.8800000e+02   2.6638328e-01
   3.1100000e+01   1.4100000e+02   1.4100000e+02   1.9978746e-01
   3.1200000e+01   1.2700000e+02   1.2700000e+02   1.7995041e-01
   3.1300000e+01   1.3300000e+02   1.3300000e+02   1.8845200e-01
   3.1400000e+01   1.1000000e+02   1.1000000e+02   1.5586256e-01
   3.1500000e+01   1.4800000e+02   1.4800000e+02   2.0970599e-01
   3.1600000e+01   9.8000000e+01   9.8000000e+01   1.3885937e-01
   3.1700000e+01   1.4000000e+02   1.4000000e+02   1.9837053e-01
   3.1800000e+01   1.3700000e+02   1.3700000e+02   1.9411973e-01
   3.1900000e+01   1.4500000e+02   1.4500000e+02   2.0545519e-01
   3.2000000e+01   1.3400000e+02   1.3400000e+02   1.8986893e-01
   3.2100000e+01   1.3300000e+02   1.3300000e+02   1.8845200e-01
   3.2200000e+01   1.6000000e+02   1.6000000e+02   2.2670917e-01
   3.2300000e+01   1.2500000e+02   1.2500000e+02   1.7711654e-01
   3.2400000e+01   1.5500000e+02   1.5500000e+02   2.1962451e-01
   3.2500000e+01   1.7900000e+02   1.7900000e+02   2.5363089e-01
   3.2600000e+01   1.4600000e+02   1.4600000e+02   2.0687212e-01
   3.2700000e+01   1.1900000e+02   1.1900000e+02   1.6861495e-01
   3.2800000e+01   1.1000000e+02   1.1000000e+02   1.5586256e-01
   3.2900000e+01   1.6400000e+02   1.6400000e+02   2.3237690e-01
   3.3000000e+01   1.4200000e+02   1.4200000e+02   2.0120439e-01
   3.3100000e+01   1.4100000e+02   1.4100000e+02   1.9978746e-01
   3.3200000e+01   1.5300000e+02   1.5300000e+02   2.1679065e-01
   3.3300000e+01   1.6400000e+02   1.6400000e+02   2.3237690e-01
   3.3400000e+01   1.3900000e+02   1.3900000e+02   1.9695360e-01
   3.3500000e+01   1.2200000e+02   1.2200000e+02   1.7286575e-01
   3.3600000e+01   1.7700000e+02   1.7700000e+02   2.5079702e-01
   3.3700000e+01   1.7200000e+02   1.7200000e+02   2.4371236e-01
   3.3800000e+01   1.3600000e+02   1.3600000e+02   1.9270280e-01
   3.3900000e+01   1.4700000e+02   1.4700000e+02   2.0828905e-01
   3.4000000e+01   1.5600000e+02   1.5600000e+02   2.2104145e-01
   3.4100000e+01   1.5200000e+02   1.5200000e+02   2.1537372e-01
   3.4200000e+01   1.4900000e+02   1.4900000e+02   2.1112292e-01
   3.4300000e+01   1.3400000e+02   1.3400000e+02   1.8986893e-01
   3.4400000e+01   1.5200000e+02   1.5200000e+02   2.1537372e-01
   3.4500000e+01   1.4400000e+02   1.4400000e+02   2.0403826e-01
   3.4600000e+01   1.4800000e+02   1.4800000e+02   2.0970599e-01
   3.4700000e+01   1.7100000e+02   1.7100000e+02   2.4229543e-01
   3.4800000e+01   1.2400000e+02   1.2400000e+02   1.7569961e-01
   3.4900000e+01   1.2700000e+02   1.2700000e+02   1.7995041e-01
   3.5000000e+01   1.3300000e+02   1.3300000e+02   1.8845200e-01
   3.5100000e+01   1.6800000e+02   1.6800000e+02   2.3804463e-01
   3.5200000e+01   1.2500000e+02   1.2500000e+02   1.7711654e-01
   3.5300000e+01   1.1300000e+02   1.1300000e+02   1.6011335e-01
   3.5400000e+01   1.4100000e+02   1.4100000e+02   1.9978746e-01
   3.5500000e+01   1.1300000e+02   1.1300000e+02   1.6011335e-01
   3.5600000e+01   9.1000000e+01   9.1000000e+01   1.2894084e-01
   3.5700000e+01   1.0600000e+02   1.0600000e+02   1.5019483e-01
   3.5800000e+01   9.7000000e+01   9.7000000e+01   1.3744244e-01
   3.5900000e+01   1.4200000e+02   1.4200000e+02   2.0120439e-01
   3.6000000e+01   1.2800000e+02   1.2800000e+02   1.8136734e-01
   3.6100000e+01   1.3700000e+02   1.3700000e+02   1.9411973e-01
   3.6200000e+01   1.2800000e+02   1.2800000e+02   1.8136734e-01
   3.6300000e+01   1.3300000e+02   1.3300000e+02   1.8845200e-01
   3.6400000e+01   1.3400000e+02   1.3400000e+02   1.8986893e-01
   3.6500000e+01   1.7200000e+02   1.7200000e+02   2.4371236e-01
   3.6600000e+01   1.3300000e+02   1.3300000e+02   1.8845200e-01
   3.6700000e+01   1.4500000e+02   1.4500000e+02   2.0545519e-01
   3.6800000e+01   1.6800000e+02   1.6800000e+02   2.3804463e-01
   3.6900000e+01   1.5200000e+02   1.5200000e+02   2.1537372e-01
   3.7000000e+01   1.5300000e+02   1.5300000e+02   2.1679065e-01
   3.7100000e+01   1.3000000e+02   1.3000000e+02   1.8420120e-01
   3.7200000e+01   1.3900000e+02   1.3900000e+02   1.9695360e-01
   3.7300000e+01   1.5000000e+02   1.5000000e+02   2.1253985e-01
   3.7400000e+01   1.6200000e+02   1.6200000e+02   2.2954304e-01
   3.7500000e+01   9.8000000e+01   9.8000000e+01   1.3885937e-01
   3.7600000e+01   1.5900000e+02   1.5900000e+02   2.2529224e-01
   3.7700000e+01   1.6600000e+02   1.6600000e+02   2.3521077e-01
   3.7800000e+01   1.3100000e+02   1.3100000e+02   1.8561814e-01
   3.7900000e+01   1.2100000e+02   1.2100000e+02   1.7144881e-01
   3.8000000e+01   1.5000000e+02   1.5000000e+02   2.1253985e-01
   3.8100000e+01   1.5700000e+02   1.5700000e+02   2.2245838e-01
   3.8200000e+01   1.1500000e+02   1.1500000e+02   1.6294722e-01
   3.8300000e+01   1.6500000e+02   1.6500000e+02   2.3379384e-01
   3.8400000e+01   1.4000000e+02   1.4000000e+02   1.9837053e-01
   3.8500000e+01   1.1700000e+02   1.1700000e+02   1.6578108e-01
   3.8600000e+01   1.8700000e+02   1.8700000e+02   2.6496635e-01
   3.8700000e+01   1.6200000e+02   1.6200000e+02   2.2954304e-01
   3.8800000e+01   1.1300000e+02   1.1300000e+02   1.6011335e-01
   3.8900000e+01   1.4100000e+02   1.4100000e+02   1.9978746e-01
   3.9000000e+01   8.9000000e+01   8.9000000e+01   1.2610698e-01
   3.9100000e+01   1.9700000e+02   1.9700000e+02   2.7913567e-01
   3.9200000e+01   1.5900000e+02   1.5900000e+02   2.2529224e-01
   3.9300000e+01   1.3800000e+02   1.3800000e+02   1.9553666e-01
   3.9400000e+01   1.4400000e+02   1.4400000e+02   2.0403826e-01
   3.9500000e+01   1.6100000e+02   1.6100000e+02   2.2812611e-01
   3.9600000e+01   1.6300000e+02   1.6300000e+02   2.3095997e-01
   3.9700000e+01   9.0000000e+00   9.0000000e+00   1.2752391e-02
   3.9800000e+01   1.0000000e+01   1.0000000e+01   1.4169323e-02
   3.9900000e+01   1.8000000e+01   1.8000000e+01   2.5504782e-02
   4.0000000e+01   1.6000000e+01   1.6000000e+01   2.2670917e-02
   4.0100000e+01   4.0000000e+00   4.0000000e+00   5.6677294e-03
   4.0200000e+01  -1.2000000e+01  -1.2000000e+01  -1.7003188e-02
   4.0300000e+01   1.3000000e+01   1.3000000e+01   1.8420120e-02
   4.0400000e+01  -1.0000000e+00  -1.0000000e+00  -1.4169323e-03
   4.0500000e+01  -5.0000000e+00  -5.0000000e+00  -7.0846617e-03
   4.0600000e+01   1.8000000e+01   1.8000000e+01   2.5504782e-02
   4.0700000e+01   9.0000000e+00   9.0000000e+00   1.2752391e-02
   4.0800000e+01  -5.0000000e+00  -5.0000000e+00  -7.0846617e-03
   4.0900000e+01   4.1000000e+01   4.1000000e+01   5.8094226e-02
   4.1000000e+01  -4.0000000e+00  -4.0000000e+00  -5.6677294e-03
   4.1100000e+01   5.0000000e+00   5.0000000e+00   7.0846617e-03
   4.1200000e+01   4.0000000e+00   4.0000000e+00   5.6677294e-03
   4.1300000e+01  -6.0000000e+00  -6.0000000e+00  -8.5015940e-03
   4.1400000e+01  -1.9000000e+01  -1.9000000e+01  -2.6921714e-02
   4.1500000e+01  -5.0000000e+00  -5.0000000e+00  -7.0846617e-03
   4.1600000e+01  -1.2000000e+01  -1.2000000e+01  -1.7003188e-02
   4.1700000e+01  -1.7000000e+01  -1.7000000e+01  -2.4087850e-02
   4.1800000e+01  -1.3000000e+01  -1.3000000e+01  -1.8420120e-02
   4.1900000e+01  -2.2000000e+01  -2.2000000e+01  -3.1172512e-02
   4.2000000e+01   2.6000000e+01   2.6000000e+01   3.6840241e-02
   4.2100000e+01   7.0000000e+00   7.0000000e+00   9.9185264e-03
   4.2200000e+01  -1.4000000e+01  -1.4000000e+01  -1.9837053e-02
   4.2300000e+01   2.5000000e+01   2.5000000e+01   3.5423309e-02
   4.2400000e+01  -9.0000000e+00  -9.0000000e+00  -1.2752391e-02
   4.2500000e+01   1.3000000e+01   1.3000000e+01   1.8420120e-02
   4.2600000e+01   2.0000000e+01   2.0000000e+01   2.8338647e-02
   4.2700000e+01  -2.9000000e+01  -2.9000000e+01  -4.1091038e-02
   4.2800000e+01  -1.7000000e+01  -1.7000000e+01  -2.4087850e-02
   4.2900000e+01   1.0000000e+00   1.0000000e+00   1.4169323e-03
   4.3000000e+01   5.0000000e+00   5.0000000e+00   7.0846617e-03
   4.3100000e+01  -5.0000000e+00  -5.0000000e+00  -7.0846617e-03
   4.3200000e+01   1.6000000e+01   1.6000000e+01   2.2670917e-02
   4.3300000e+01   1.6000000e+01   1.6000000e+01   2.2670917e-02
   4.3400000e+01   8.0000000e+00   8.0000000e+00   1.1335459e-02
   4.3500000e+01  -1.5000000e+01  -1.5000000e+01  -2.1253985e-02
   4.3600000e+01  -7.0000000e+00  -7.0000000e+00  -9.9185264e-03
   4.3700000e+01  -8.0000000e+00  -8.0000000e+00  -1.1335459e-02
   4.3800000e+01  -3.6000000e+01  -3.6000000e+01  -5.1009564e-02
   4.3900000e+01   1.3000000e+01   1.3000000e+01   1.8420120e-02
   4.4000000e+01   2.0000000e+00   2.0000000e+00   2.8338647e-03
   4.4100000e+01   1.0000000e+00   1.0000000e+00   1.4169323e-03
   4.4200000e+01   1.0000000e+00   1.0000000e+00   1.4169323e-03
   4.4300000e+01   0.0000000e+00   0.0000000e+00   0.0000000e+00
   4.4400000e+01  -5.0000000e+00  -5.0000000e+00  -7.0846617e-03
   4.4500000e+01  -2.0000000e+00  -2.0000000e+00  -2.8338647e-03
   4.4600000e+01   7.0000000e+00   7.0000000e+00   9.9185264e-03
   4.4700000e+01   1.8000000e+01   1.8000000e+01   2.5504782e-02
   4.4800000e+01  -8.0000000e+00  -8.0000000e+00  -1.1335459e-02
   4.4900000e+01  -1.2000000e+01  -1.2000000e+01  -1.7003188e-02
   4.5000000e+01   3.0000000e+00   3.0000000e+00   4.2507970e-03
   4.5100000e+01  -6.0000000e+00  -6.0000000e+00  -8.5015940e-03
   4.5200000e+01  -4.1000000e+01  -4.1000000e+01  -5.8094226e-02
   4.5300000e+01   4.0000000e+00   4.0000000e+00   5.6677294e-03
   4.5400000e+01  -1.3000000e+01  -1.3000000e+01  -1.8420120e-02
   4.5500000e+01  -1.4000000e+01  -1.4000000e+01  -1.9837053e-02
   4.5600000e+01   2.6000000e+01   2.6000000e+01   3.6840241e-02
   4.5700000e+01   1.0000000e+00   1.0000000e+00   1.4169323e-03
   4.5800000e+01   2.0000000e+01   2.0000000e+01   2.8338647e-02
   4.5900000e+01   2.2000000e+01   2.2000000e+01   3.1172512e-02
   4.6000000e+01  -1.5000000e+01  -1.5000000e+01  -2.1253985e-02
   4.6100000e+01   3.5000000e+01   3.5000000e+01   4.9592632e-02
   4.6200000e+01  -8.0000000e+00  -8.0000000e+00  -1.1335459e-02
   4.6300000e+01  -3.3000000e+01  -3.3000000e+01  -4.6758767e-02
   4.6400000e+01  -2.4000000e+01  -2.4000000e+01  -3.4006376e-02
   4.6500000e+01   1.4000000e+01   1.4000000e+01   1.9837053e-02
   4.6600000e+01   1.7000000e+01   1.7000000e+01   2.4087850e-02
   4.6700000e+01  -2.1000000e+01  -2.1000000e+01  -2.9755579e-02
   4.6800000e+01  -1.0000000e+01  -1.0000000e+01  -1.4169323e-02
   4.6900000e+01   4.0000000e+00   4.0000000e+00   5.6677294e-03
   4.7000000e+01   4.0000000e+00   4.0000000e+00   5.6677294e-03
   4.7100000e+01  -6.0000000e+00  -6.0000000e+00  -8.5015940e-03
   4.7200000e+01  -5.0000000e+00  -5.0000000e+00  -7.0846617e-03
   4.7300000e+01   3.6000000e+01   3.6000000e+01   5.1009564e-02
   4.7400000e+01   1.0000000e+01   1.0000000e+01   1.4169323e-02
   4.7500000e+01   2.4000000e+01   2.4000000e+01   3.4006376e-02
   4.7600000e+01  -1.6000000e+01  -1.6000000e+01  -2.2670917e-02
   4.7700000e+01  -5.0000000e+00  -5.0000000e+00  -7.0846617e-03
   4.7800000e+01   8.0000000e+00   8.0000000e+00   1.1335459e-02
   4.7900000e+01  -1.0000000e+01  -1.0000000e+01  -1.4169323e-02
   4.8000000e+01   1.0000000e+01   1.0000000e+01   1.4169323e-02
   4.8100000e+01   2.2000000e+01   2.2000000e+01   3.1172512e-02
   4.8200000e+01  -3.4000000e+01  -3.4000000e+01  -4.8175700e-02
   4.8300000e+01  -6.0000000e+00  -6.0000000e+00  -8.5015940e-03
   4.8400000e+01   1.5000000e+01   1.5000000e+01   2.1253985e-02
   4.8500000e+01  -4.0000000e+00  -4.0000000e+00  -5.6677294e-03
   4.8600000e+01  -3.7000000e+01  -3.7000000e+01  -5.2426497e-02
   4.8700000e+01  -1.6000000e+01  -1.6000000e+01  -2.2670917e-02
   4.8800000e+01   1.0000000e+01   1.0000000e+01   1.4169323e-02
   4.8900000e+01  -1.5000000e+01  -1.5000000e+01  -2.1253985e-02
   4.9000000e+01  -3.4000000e+01  -3.4000000e+01  -4.8175700e-02
   4.9100000e+01   1.8000000e+01   1.8000000e+01   2.5504782e-02
   4.9200000e+01  -2.4000000e+01  -2.4000000e+01  -3.4006376e-02
   4.9300000e+01   1.6000000e+01   1.6000000e+01   2.2670917e-02
   4.9400000e+01   9.0000000e+00   9.0000000e+00   1.2752391e-02
   4.9500000e+01   2.0000000e+00   2.0000000e+00   2.8338647e-03
   4.9600000e+01  -1.0000000e+00  -1.0000000e+00  -1.4169323e-03
   4.9700000e+01   8.0000000e+00   8.0000000e+00   1.1335459e-02
   4.9800000e+01   1.4000000e+01   1.4000000e+01   1.9837053e-02
   4.9900000e+01  -3.0000000e+00  -3.0000000e+00  -4.2507970e-03
   5.0000000e+01  -2.0000000e+00  -2.0000000e+00  -2.8338647e-03
   5.0100000e+01  -3.8000000e+01  -3.8000000e+01  -5.3843429e-02
   5.0200000e+01   6.0000000e+00   6.0000000e+00   8.5015940e-03
   5.0300000e+01  -1.0000000e+00  -1.0000000e+00  -1.4169323e-03
   5.0400000e+01  -4.0000000e+00  -4.0000000e+00  -5.6677294e-03
   5.0500000e+01   3.0000000e+00   3.0000000e+00   4.2507970e-03
   5.0600000e+01  -5.0000000e+00  -5.0000000e+00  -7.0846617e-03
   5.0700000e+01  -4.0000000e+00  -4.0000000e+00  -5.6677294e-03
   5.0800000e+01  -2.1000000e+01  -2.1000000e+01  -2.9755579e-02
   5.0900000e+01  -5.0000000e+00  -5.0000000e+00  -7.0846617e-03
   5.1000000e+01  -2.4000000e+01  -2.4000000e+01  -3.4006376e-02
   5.1100000e+01  -1.0000000e+01  -1.0000000e+01  -1.4169323e-02
   5.1200000e+01  -6.0000000e+00  -6.0000000e+00  -8.5015940e-03
   5.1300000e+01  -2.9000000e+01  -2.9000000e+01  -4.1091038e-02
   5.1400000e+01  -2.4000000e+01  -2.4000000e+01  -3.4006376e-02
   5.1500000e+01  -1.5000000e+01  -1.5000000e+01  -2.1253985e-02
   5.1600000e+01   3.0000000e+00   3.0000000e+00   4.2507970e-03
   5.1700000e+01  -6.0000000e+00  -6.0000000e+00  -8.5015940e-03
   5.1800000e+01   1.2000000e+01   1.2000000e+01   1.7003188e-02
   5.1900000e+01  -5.0000000e+00  -5.0000000e+00  -7.0846617e-03
   5.2000000e+01  -1.5000000e+01  -1.5000000e+01  -2.1253985e-02
   5.2100000e+01   1.6000000e+01   1.6000000e+01   2.2670917e-02
   5.2200000e+01  -9.0000000e+00  -9.0000000e+00  -1.2752391e-02
   5.2300000e+01   4.0000000e+00   4.0000000e+00   5.6677294e-03
   5.2400000e+01   4.0000000e+00   4.0000000e+00   5.6677294e-03
   5.2500000e+01   7.0000000e+00   7.0000000e+00   9.9185264e-03
   5.2600000e+01   5.0000000e+00   5.0000000e+00   7.0846617e-03
   5.2700000e+01   5.0000000e+00   5.0000000e+00   7.0846617e-03
   5.2800000e+01   0.0000000e+00   0.0000000e+00   0.0000000e+00
   5.2900000e+01   1.0000000e+01   1.0000000e+01   1.4169323e-02
   5.3000000e+01  -1.9000000e+01  -1.9000000e+01  -2.6921714e-02
   5.3100000e+01   2.2000000e+01   2.2000000e+01   3.1172512e-02
   5.3200000e+01   7.0000000e+00   7.0000000e+00   9.9185264e-03
   5.3300000e+01   1.9000000e+01   1.9000000e+01   2.6921714e-02
   5.3400000e+01  -2.2000000e+01  -2.2000000e+01  -3.1172512e-02
   5.3500000e+01   7.0000000e+00   7.0000000e+00   9.9185264e-03
   5.3600000e+01   3.4000000e+01   3.4000000e+01   4.8175700e-02
   5.3700000e+01  -1.7000000e+01  -1.7000000e+01  -2.4087850e-02
   5.3800000e+01   9.0000000e+00   9.0000000e+00   1.2752391e-02
   5.3900000e+01   2.4000000e+01   2.4000000e+01   3.4006376e-02
   5.4000000e+01   2.1000000e+01   2.1000000e+01   2.9755579e-02
   5.4100000e+01  -4.0000000e+00  -4.0000000e+00  -5.6677294e-03
   5.4200000e+01   5.0000000e+00   5.0000000e+00   7.0846617e-03
   5.4300000e+01   0.0000000e+00   0.0000000e+00   0.0000000e+00
   5.4400000e+01  -1.4000000e+01  -1.4000000e+01  -1.9837053e-02
   5.4500000e+01   1.0000000e+01   1.0000000e+01   1.4169323e-02
   5.4600000e+01   3.0000000e+00   3.0000000e+00   4.2507970e-03
   5.4700000e+01  -2.1000000e+01  -2.1000000e+01  -2.9755579e-02
   5.4800000e+01  -9.0000000e+00  -9.0000000e+00  -1.2752391e-02
   5.4900000e+01  -7.0000000e+00  -7.0000000e+00  -9.9185264e-03
   5.5000000e+01  -8.0000000e+00  -8.0000000e+00  -1.1335459e-02
   5.5100000e+01  -1.2000000e+01  -1.2000000e+01  -1.7003188e-02
   5.5200000e+01  -3.1000000e+01  -3.1000000e+01  -4.3924903e-02
   5.5300000e+01   5.0000000e+00   5.0000000e+00   7.0846617e-03
   5.5400000e+01   1.1000000e+01   1.1000000e+01   1.5586256e-02
   5.5500000e+01   1.8000000e+01   1.8000000e+01   2.5504782e-02
   5.5600000e+01  -1.2000000e+01  -1.2000000e+01  -1.7003188e-02
   5.5700000e+01  -8.0000000e+00  -8.0000000e+00  -1.1335459e-02
   5.5800000e+01   2.0000000e+00   2.0000000e+00   2.8338647e-03
   5.5900000e+01  -9.0000000e+00  -9.0000000e+00  -1.2752391e-02
   5.6000000e+01  -6.0000000e+00  -6.0000000e+00  -8.5015940e-03
   5.6100000e+01   0.0000000e+00   0.0000000e+00   0.0000000e+00
   5.6200000e+01  -7.0000000e+00  -7.0000000e+00  -9.9185264e-03
   5.6300000e+01   1.7000000e+01   1.7000000e+01   2.4087850e-02
   5.6400000e+01   9.0000000e+00   9.0000000e+00   1.2752391e-02
   5.6500000e+01  -2.5000000e+01  -2.5000000e+01  -3.5423309e-02
   5.6600000e+01   1.4000000e+01   1.4000000e+01   1.9837053e-02
   5.6700000e+01  -3.0000000e+00  -3.0000000e+00  -4.2507970e-03
   5.6800000e+01  -1.0000000e+01  -1.0000000e+01  -1.4169323e-02
   5.6900000e+01  -8.0000000e+00  -8.0000000e+00  -1.1335459e-02
   5.7000000e+01  -2.8000000e+01  -2.8000000e+01  -3.9674106e-02
   5.7100000e+01  -1.1000000e+01  -1.1000000e+01  -1.5586256e-02
   5.7200000e+01   1.5000000e+01   1.5000000e+01   2.1253985e-02
   5.7300000e+01   2.5000000e+01   2.5000000e+01   3.5423309e-02
   5.7400000e+01   6.0000000e+00   6.0000000e+00   8.5015940e-03
   5.7500000e+01  -9.0000000e+00  -9.0000000e+00  -1.2752391e-02
   5.7600000e+01   4.0000000e+00   4.0000000e+00   5.6677294e-03
   5.7700000e+01  -2.6000000e+01  -2.6000000e+01  -3.6840241e-02
   5.7800000e+01  -1.0000000e+00  -1.0000000e+00  -1.4169323e-03
   5.7900000e+01   2.0000000e+01   2.0000000e+01   2.8338647e-02
   5.8000000e+01  -2.1000000e+01  -2.1000000e+01  -2.9755579e-02
   5.8100000e+01  -1.2000000e+01  -1.2000000e+01  -1.7003188e-02
   5.8200000e+01  -3.1000000e+01  -3.1000000e+01  -4.3924903e-02
   5.8300000e+01  -1.5000000e+01  -1.5000000e+01  -2.1253985e-02
   5.8400000e+01   6.0000000e+00   6.0000000e+00   8.5015940e-03
   5.8500000e+01   1.9000000e+01   1.9000000e+01   2.6921714e-02
   5.8600000e+01  -1.2000000e+01  -1.2000000e+01  -1.7003188e-02
   5.8700000e+01  -3.4000000e+01  -3.4000000e+01  -4.8175700e-02
   5.8800000e+01  -5.0000000e+00  -5.0000000e+00  -7.0846617e-03
   5.8900000e+01  -9.0000000e+00  -9.0000000e+00  -1.2752391e-02
   5.9000000e+01  -1.2000000e+01  -1.2000000e+01  -1.7003188e-02
   5.9100000e+01  -1.7000000e+01  -1.7000000e+01  -2.4087850e-02
   5.9200000e+01   2.0000000e+00   2.0000000e+00   2.8338647e-03
   5.9300000e+01  -9.0000000e+00  -9.0000000e+00  -1.2752391e-02
   5.9400000e+01   1.1000000e+01   1.1000000e+01   1.5586256e-02
   5.9500000e+01  -1.0000000e+00  -1.0000000e+00  -1.4169323e-03
   5.9600000e+01  -7.0000000e+00  -7.0000000e+00  -9.9185264e-03
   5.9700000e+01  -8.0000000e+00  -8.0000000e+00  -1.1335459e-02
   5.9800000e+01   3.0000000e+00   3.0000000e+00   4.2507970e-03
   5.9900000e+01   8.0000000e+00   8.0000000e+00   1.1335459e-02
   6.0000000e+01   1.0000000e+00   1.0000000e+00   1.4169323e-03
   6.0100000e+01   8.0000000e+00   8.0000000e+00   1.1335459e-02
   6.0200000e+01  -1.8000000e+01  -1.8000000e+01  -2.5504782e-02
   6.0300000e+01  -3.0000000e+00  -3.0000000e+00  -4.2507970e-03
   6.0400000e+01  -2.0000000e+01  -2.0000000e+01  -2.8338647e-02
   6.0500000e+01   2.1000000e+01   2.1000000e+01   2.9755579e-02
   6.0600000e+01  -7.0000000e+00  -7.0000000e+00  -9.9185264e-03
   6.0700000e+01   1.2000000e+01   1.2000000e+01   1.7003188e-02
   6.0800000e+01  -1.1000000e+01  -1.1000000e+01  -1.5586256e-02
   6.0900000e+01  -1.6000000e+01  -1.6000000e+01  -2.2670917e-02
   6.1000000e+01   1.5000000e+01   1.5000000e+01   2.1253985e-02
   6.1100000e+01  -5.0000000e+00  -5.0000000e+00  -7.0846617e-03
   6.1200000e+01  -3.3000000e+01  -3.3000000e+01  -4.6758767e-02
   6.1300000e+01   4.0000000e+00   4.0000000e+00   5.6677294e-03
   6.1400000e+01   5.0000000e+00   5.0000000e+00   7.0846617e-03
   6.1500000e+01  -5.0000000e+00  -5.0000000e+00  -7.0846617e-03
   6.1600000e+01   2.6000000e+01   2.6000000e+01   3.6840241e-02
   6.1700000e+01  -2.8000000e+01  -2.8000000e+01  -3.9674106e-02
   6.1800000e+01   7.0000000e+00   7.0000000e+00   9.9185264e-03
   6.1900000e+01  -3.0000000e+00  -3.0000000e+00  -4.2507970e-03
   6.2000000e+01   1.9000000e+01   1.9000000e+01   2.6921714e-02
   6.2100000e+01  -4.0000000e+00  -4.0000000e+00  -5.6677294e-03
   6.2200000e+01   7.0000000e+00   7.0000000e+00   9.9185264e-03
   6.2300000e+01  -2.0000000e+01  -2.0000000e+01  -2.8338647e-02
   6.2400000e+01  -1.4000000e+01  -1.4000000e+01  -1.9837053e-02
   6.2500000e+01  -1.8000000e+01  -1.8000000e+01  -2.5504782e-02
   6.2600000e+01   1.1000000e+01   1.1000000e+01   1.5586256e-02
   6.2700000e+01   2.3000000e+01   2.3000000e+01   3.2589444e-02
   6.2800000e+01   2.0000000e+00   2.0000000e+00   2.8338647e-03
   6.2900000e+01  -1.7000000e+01  -1.7000000e+01  -2.4087850e-02
   6.3000000e+01   2.0000000e+00   2.0000000e+00   2.8338647e-03
   6.3100000e+01   1.5000000e+01   1.5000000e+01   2.1253985e-02
   6.3200000e+01   0.0000000e+00   0.0000000e+00   0.0000000e+00
   6.3300000e+01   2.2000000e+01   2.2000000e+01   3.1172512e-02
   6.3400000e+01  -1.0000000e+00  -1.0000000e+00  -1.4169323e-03
   6.3500000e+01   6.0000000e+00   6.0000000e+00   8.5015940e-03
   6.3600000e+01   1.2000000e+01   1.2000000e+01   1.7003188e-02
   6.3700000e+01  -1.0000000e+00  -1.0000000e+00  -1.4169323e-03
   6.3800000e+01  -1.3000000e+01  -1.3000000e+01  -1.8420120e-02
   6.3900000e+01  -9.0000000e+00  -9.0000000e+00  -1.2752391e-02
   6.4000000e+01   8.0000000e+00   8.0000000e+00   1.1335459e-02
   6.4100000e+01   5.0000000e+00   5.0000000e+00   7.0846617e-03
   6.4200000e+01   0.0000000e+00   0.0000000e+00   0.0000000e+00
   6.4300000e+01  -1.5000000e+01  -1.5000000e+01  -2.1253985e-02
   6.4400000e+01  -1.2000000e+01  -1.2000000e+01  -1.7003188e-02
   6.4500000e+01   3.0000000e+00   3.0000000e+00   4.2507970e-03
   6.4600000e+01   6.0000000e+00   6.0000000e+00   8.5015940e-03
   6.4700000e+01  -3.1000000e+01  -3.1000000e+01  -4.3924903e-02
   6.4800000e+01  -2.6000000e+01  -2.6000000e+01  -3.6840241e-02
   6.4900000e+01   1.4000000e+01   1.4000000e+01   1.9837053e-02
   6.5000000e+01   2.7000000e+01   2.7000000e+01   3.8257173e-02
   6.5100000e+01  -2.0000000e+01  -2.0000000e+01  -2.8338647e-02
   6.5200000e+01  -2.6000000e+01  -2.6000000e+01  -3.6840241e-02
   6.5300000e+01   1.5000000e+01   1.5000000e+01   2.1253985e-02
   6.5400000e+01   7.0000000e+00   7.0000000e+00   9.9185264e-03
   6.5500000e+01  -1.7000000e+01  -1.7000000e+01  -2.4087850e-02
   6.5600000e+01  -4.0000000e+00  -4.0000000e+00  -5.6677294e-03
   6.5700000e+01   1.9000000e+01   1.9000000e+01   2.6921714e-02
   6.5800000e+01  -1.8000000e+01  -1.8000000e+01  -2.5504782e-02
   6.5900000e+01   1.0000000e+01   1.0000000e+01   1.4169323e-02
   6.6000000e+01  -1.0000000e+01  -1.0000000e+01  -1.4169323e-02
   6.6100000e+01   0.0000000e+00   0.0000000e+00   0.0000000e+00
   6.6200000e+01  -1.5000000e+01  -1.5000000e+01  -2.1253985e-02
   6.6300000e+01   2.0000000e+00   2.0000000e+00   2.8338647e-03
   6.6400000e+01   9.0000000e+00   9.0000000e+00   1.2752391e-02
   6.6500000e+01   1.8000000e+01   1.8000000e+01   2.5504782e-02
   6.6600000e+01   7.0000000e+00   7.0000000e+00   9.9185264e-03
   6.6700000e+01   7.0000000e+00   7.0000000e+00   9.9185264e-03
   6.6800000e+01  -1.9000000e+01  -1.9000000e+01  -2.6921714e-02
   6.6900000e+01   8.0000000e+00   8.0000000e+00   1.1335459e-02
   6.7000000e+01  -2.0000000e+00  -2.0000000e+00  -2.8338647e-03
   6.7100000e+01   1.7000000e+01   1.7000000e+01   2.4087850e-02
   6.7200000e+01  -7.0000000e+00  -7.0000000e+00  -9.9185264e-03
   6.7300000e+01  -1.2000000e+01  -1.2000000e+01  -1.7003188e-02
   6.7400000e+01   1.2000000e+01   1.2000000e+01   1.7003188e-02
   6.7500000e+01   7.0000000e+00   7.0000000e+00   9.9185264e-03
   6.7600000e+01  -5.0000000e+00  -5.0000000e+00  -7.0846617e-03
   6.7700000e+01   3.0000000e+01   3.0000000e+01   4.2507970e-02
   6.7800000e+01   9.0000000e+00   9.0000000e+00   1.2752391e-02
   6.7900000e+01  -1.4000000e+01  -1.4000000e+01  -1.9837053e-02
   6.8000000e+01  -8.0000000e+00  -8.0000000e+00  -1.1335459e-02
   6.8100000e+01   6.0000000e+00   6.0000000e+00   8.5015940e-03
   6.8200000e+01   2.9000000e+01   2.9000000e+01   4.1091038e-02
   6.8300000e+01   7.0000000e+00   7.0000000e+00   9.9185264e-03
   6.8400000e+01   6.0000000e+00   6.0000000e+00   8.5015940e-03
   6.8500000e+01   1.0000000e+01   1.0000000e+01   1.4169323e-02
   6.8600000e+01  -2.0000000e+01  -2.0000000e+01  -2.8338647e-02
   6.8700000e+01  -7.0000000e+00  -7.0000000e+00  -9.9185264e-03
   6.8800000e+01  -7.0000000e+00  -7.0000000e+00  -9.9185264e-03
   6.8900000e+01  -1.6000000e+01  -1.6000000e+01  -2.2670917e-02
   6.9000000e+01  -1.4000000e+01  -1.4000000e+01  -1.9837053e-02
   6.9100000e+01   4.1000000e+01   4.1000000e+01   5.8094226e-02
   6.9200000e+01  -1.0000000e+00  -1.0000000e+00  -1.4169323e-03
   6.9300000e+01   1.0000000e+01   1.0000000e+01   1.4169323e-02
   6.9400000e+01   1.2000000e+01   1.2000000e+01   1.7003188e-02
   6.9500000e+01  -3.0000000e+00  -3.0000000e+00  -4.2507970e-03
   6.9600000e+01   0.0000000e+00   0.0000000e+00   0.0000000e+00
   6.9700000e+01   2.0000000e+01   2.0000000e+01   2.8338647e-02
   6.9800000e+01  -5.0000000e+00  -5.0000000e+00  -7.0846617e-03
   6.9900000e+01  -1.3000000e+01  -1.3000000e+01  -1.8420120e-02
   7.0000000e+01  -2.5000000e+01  -2.5000000e+01  -3.5423309e-02
   7.0100000e+01   7.0000000e+00   7.0000000e+00   9.9185264e-03
   7.0200000e+01  -8.0000000e+00  -8.0000000e+00  -1.1335459e-02
   7.0300000e+01   1.9000000e+01   1.9000000e+01   2.6921714e-02
   7.0400000e+01  -1.3000000e+01  -1.3000000e+01  -1.8420120e-02
   7.0500000e+01  -2.0000000e+00  -2.0000000e+00  -2.8338647e-03
   7.0600000e+01   1.0000000e+00   1.0000000e+00   1.4169323e-03
   7.0700000e+01   8.0000000e+00   8.0000000e+00   1.1335459e-02
   7.0800000e+01   1.4000000e+01   1.4000000e+01   1.9837053e-02
   7.0900000e+01   1.3000000e+01   1.3000000e+01   1.8420120e-02
   7.1000000e+01  -3.7000000e+01  -3.7000000e+01  -5.2426497e-02
   7.1100000e+01   8.0000000e+00   8.0000000e+00   1.1335459e-02
   7.1200000e+01   1.3000000e+01   1.3000000e+01   1.8420120e-02
   7.1300000e+01  -2.0000000e+00  -2.0000000e+00  -2.8338647e-03
   7.1400000e+01  -1.0000000e+00  -1.0000000e+00  -1.4169323e-03
   7.1500000e+01   1.0000000e+00   1.0000000e+00   1.4169323e-03
   7.1600000e+01  -9.0000000e+00  -9.0000000e+00  -1.2752391e-02
   7.1700000e+01  -2.1000000e+01  -2.1000000e+01  -2.9755579e-02
   7.1800000e+01  -2.0000000e+00  -2.0000000e+00  -2.8338647e-03
   7.1900000e+01  -8.0000000e+00  -8.0000000e+00  -1.1335459e-02
   7.2000000e+01  -1.4000000e+01  -1.4000000e+01  -1.9837053e-02
   7.2100000e+01   0.0000000e+00   0.0000000e+00   0.0000000e+00
   7.2200000e+01  -7.0000000e+00  -7.0000000e+00  -9.9185264e-03
   7.2300000e+01   1.5000000e+01   1.5000000e+01   2.1253985e-02
   7.2400000e+01   4.1000000e+01   4.1000000e+01   5.8094226e-02
   7.2500000e+01  -2.0000000e+00  -2.0000000e+00  -2.8338647e-03
   7.2600000e+01  -1.5000000e+01  -1.5000000e+01  -2.1253985e-02
   7.2700000e+01   1.9000000e+01   1.9000000e+01   2.6921714e-02
   7.2800000e+01  -1.3000000e+01  -1.3000000e+01  -1.8420120e-02
   7.2900000e+01  -2.0000000e+00  -2.0000000e+00  -2.8338647e-03
   7.3000000e+01  -2.5000000e+01  -2.5000000e+01  -3.5423309e-02
   7.3100000e+01  -6.0000000e+00  -6.0000000e+00  -8.5015940e-03
   7.3200000e+01   2.0000000e+00   2.0000000e+00   2.8338647e-03
   7.3300000e+01   1.8000000e+01   1.8000000e+01   2.5504782e-02
   7.3400000e+01   2.0000000e+00   2.0000000e+00   2.8338647e-03
   7.3500000e+01  -3.0000000e+00  -3.0000000e+00  -4.2507970e-03
   7.3600000e+01   1.2000000e+01   1.2000000e+01   1.7003188e-02
   7.3700000e+01  -2.0000000e+01  -2.0000000e+01  -2.8338647e-02
   7.3800000e+01   2.9000000e+01   2.9000000e+01   4.1091038e-02
   7.3900000e+01  -1.0000000e+00  -1.0000000e+00  -1.4169323e-03
   7.4000000e+01   4.0000000e+00   4.0000000e+00   5.6677294e-03
   7.4100000e+01  -1.0000000e+00  -1.0000000e+00  -1.4169323e-03
   7.4200000e+01  -1.1000000e+01  -1.1000000e+01  -1.5586256e-02
   7.4300000e+01   5.0000000e+00   5.0000000e+00   7.0846617e-03
   7.4400000e+01   2.0000000e+00   2.0000000e+00   2.8338647e-03
   7.4500000e+01   1.3000000e+01   1.3000000e+01   1.8420120e-02
   7.4600000e+01  -1.5000000e+01  -1.5000000e+01  -2.1253985e-02
   7.4700000e+01  -2.6000000e+01  -2.6000000e+01  -3.6840241e-02
   7.4800000e+01  -3.0000000e+00  -3.0000000e+00  -4.2507970e-03
   7.4900000e+01  -1.0000000e+00  -1.0000000e+00  -1.4169323e-03
   7.5000000e+01   4.0000000e+00   4.0000000e+00   5.6677294e-03
   7.5100000e+01   1.0000000e+00   1.0000000e+00   1.4169323e-03
   7.5200000e+01   1.6000000e+01   1.6000000e+01   2.2670917e-02
   7.5300000e+01   1.2000000e+01   1.2000000e+01   1.7003188e-02
   7.5400000e+01  -2.0000000e+00  -2.0000000e+00  -2.8338647e-03
   7.5500000e+01  -1.2000000e+01  -1.2000000e+01  -1.7003188e-02
   7.5600000e+01  -3.0000000e+00  -3.0000000e+00  -4.2507970e-03
   7.5700000e+01  -7.0000000e+00  -7.0000000e+00  -9.9185264e-03
   7.5800000e+01  -3.0000000e+00  -3.0000000e+00  -4.2507970e-03
   7.5900000e+01   4.0000000e+00   4.0000000e+00   5.6677294e-03
   7.6000000e+01   1.2000000e+01   1.2000000e+01   1.7003188e-02
   7.6100000e+01  -1.6000000e+01  -1.6000000e+01  -2.2670917e-02
   7.6200000e+01  -6.0000000e+00  -6.0000000e+00  -8.5015940e-03
   7.6300000e+01   1.1000000e+01   1.1000000e+01   1.5586256e-02
   7.6400000e+01   1.0000000e+00   1.0000000e+00   1.4169323e-03
   7.6500000e+01   1.1000000e+01   1.1000000e+01   1.5586256e-02
   7.6600000e+01  -2.6000000e+01  -2.6000000e+01  -3.6840241e-02
   7.6700000e+01   2.0000000e+00   2.0000000e+00   2.8338647e-03
   7.6800000e+01   2.0000000e+01   2.0000000e+01   2.8338647e-02
   7.6900000e+01   3.0000000e+00   3.0000000e+00   4.2507970e-03
   7.7000000e+01  -1.0000000e+01  -1.0000000e+01  -1.4169323e-02
   7.7100000e+01   1.0000000e+00   1.0000000e+00   1.4169323e-03
   7.7200000e+01   1.8000000e+01   1.8000000e+01   2.5504782e-02
   7.7300000e+01  -1.8000000e+01  -1.8000000e+01  -2.5504782e-02
   7.7400000e+01  -6.0000000e+00  -6.0000000e+00  -8.5015940e-03
   7.7500000e+01  -1.5000000e+01  -1.5000000e+01  -2.1253985e-02
   7.7600000e+01  -1.3000000e+01  -1.3000000e+01  -1.8420120e-02
   7.7700000e+01   1.0000000e+00   1.0000000e+00   1.4169323e-03
   7.7800000e+01  -1.6000000e+01  -1.6000000e+01  -2.2670917e-02
   7.7900000e+01  -1.1000000e+01  -1.1000000e+01  -1.5586256e-02
   7.8000000e+01  -2.0000000e+00  -2.0000000e+00  -2.8338647e-03
   7.8100000e+01  -2.0000000e+00  -2.0000000e+00  -2.8338647e-03
   7.8200000e+01   8.0000000e+00   8.0000000e+00   1.1335459e-02
   7.8300000e+01   5.0000000e+00   5.0000000e+00   7.0846617e-03
   7.8400000e+01   1.4000000e+01   1.4000000e+01   1.9837053e-02
   7.8500000e+01  -7.0000000e+00  -7.0000000e+00  -9.9185264e-03
   7.8600000e+01  -4.0000000e+00  -4.0000000e+00  -5.6677294e-03
   7.8700000e+01  -1.0000000e+00  -1.0000000e+00  -1.4169323e-03
   7.8800000e+01   1.2000000e+01   1.2000000e+01   1.7003188e-02
   7.8900000e+01  -7.0000000e+00  -7.0000000e+00  -9.9185264e-03
   7.9000000e+01  -3.2000000e+01  -3.2000000e+01  -4.5341835e-02
   7.9100000e+01  -1.3000000e+01  -1.3000000e+01  -1.8420120e-02
