   0.0000000e+00   2.0900000e+02   2.0900000e+02   2.3358480e-01
   1.0000000e-01   9.5100000e+02   9.5100000e+02   1.0628667e+00
   2.0000000e-01   8.4500000e+02   8.4500000e+02   9.4439788e-01
   3.0000000e-01   9.1600000e+02   9.1600000e+02   1.0237497e+00
   4.0000000e-01   8.6700000e+02   8.6700000e+02   9.6898575e-01
   5.0000000e-01   9.8900000e+02   9.8900000e+02   1.1053367e+00
   6.0000000e-01   8.7500000e+02   8.7500000e+02   9.7792680e-01
   7.0000000e-01   9.4200000e+02   9.4200000e+02   1.0528080e+00
   8.0000000e-01   9.0300000e+02   9.0300000e+02   1.0092205e+00
   9.0000000e-01   8.7600000e+02   8.7600000e+02   9.7904443e-01
   1.0000000e+00   8.7900000e+02   8.7900000e+02   9.8239732e-01
   1.1000000e+00   8.8700000e+02   8.8700000e+02   9.9133836e-01
   1.2000000e+00   8.3100000e+02   8.3100000e+02   9.2875105e-01
   1.3000000e+00   8.2300000e+02   8.2300000e+02   9.1981000e-01
   1.4000000e+00   8.3600000e+02   8.3600000e+02   9.3433920e-01
   1.5000000e+00   8.6700000e+02   8.6700000e+02   9.6898575e-01
   1.6000000e+00   9.1900000e+02   9.1900000e+02   1.0271025e+00
   1.7000000e+00   8.4400000e+02   8.4400000e+02   9.4328025e-01
   1.8000000e+00   8.8200000e+02   8.8200000e+02   9.8575021e-01
   1.9000000e+00   9.2200000e+02   9.2200000e+02   1.0304554e+00
   2.0000000e+00   8.4900000e+02   8.4900000e+02   9.4886840e-01
   2.1000000e+00   8.6800000e+02   8.6800000e+02   9.7010338e-01
   2.2000000e+00   9.5500000e+02   9.5500000e+02   1.0673372e+00
   2.3000000e+00   8.7600000e+02   8.7600000e+02   9.7904443e-01
   2.4000000e+00   8.8500000e+02   8.8500000e+02   9.8910310e-01
   2.5000000e+00   8.8600000e+02   8.8600000e+02   9.9022073e-01
   2.6000000e+00   8.3800000e+02   8.3800000e+02   9.3657446e-01
   2.7000000e+00   8.9100000e+02   8.9100000e+02   9.9580889e-01
   2.8000000e+00   8.7100000e+02   8.7100000e+02   9.7345627e-01
   2.9000000e+00   6.2100000e+02   6.2100000e+02   6.9404862e-01
   3.0000000e+00   6.4000000e+02   6.4000000e+02   7.1528360e-01
   3.1000000e+00   5.8100000e+02   5.8100000e+02   6.4934339e-01
   3.2000000e+00   5.5300000e+02   5.5300000e+02   6.1804973e-01
   3.3000000e+00   3.7400000e+02   3.7400000e+02   4.1799385e-01
   3.4000000e+00   3.3600000e+02   3.3600000e+02   3.7552389e-01
   3.5000000e+00   3.8700000e+02   3.8700000e+02   4.3252305e-01
   3.6000000e+00   3.3600000e+02   3.3600000e+02   3.7552389e-01
   3.7000000e+00   3.9100000e+02   3.9100000e+02   4.3699357e-01
   3.8000000e+00   3.5800000e+02   3.5800000e+02   4.0011176e-01
   3.9000000e+00   3.3600000e+02   3.3600000e+02   3.7552389e-01
   4.0000000e+00   3.4700000e+02   3.4700000e+02   3.8781783e-01
   4.1000000e+00   3.2100000e+02   3.2100000e+02   3.5875943e-01
   4.2000000e+00   3.5900000e+02   3.5900000e+02   4.0122939e-01
   4.3000000e+00   2.9600000e+02   2.9600000e+02   3.3081866e-01
   4.4000000e+00   3.7200000e+02   3.7200000e+02   4.1575859e-01
   4.5000000e+00   3.3600000e+02   3.3600000e+02   3.7552389e-01
   4.6000000e+00   3.6200000e+02   3.6200000e+02   4.0458229e-01
   4.7000000e+00   3.6300000e+02   3.6300000e+02   4.0569992e-01
   4.8000000e+00   3.0800000e+02   3.0800000e+02   3.4423023e-01
   4.9000000e+00   3.7000000e+02   3.7000000e+02   4.1352333e-01
   5.0000000e+00   4.2200000e+02   4.2200000e+02   4.7164012e-01
   5.1000000e+00   3.5200000e+02   3.5200000e+02   3.9340598e-01
   5.2000000e+00   3.2300000e+02   3.2300000e+02   3.6099469e-01
   5.3000000e+00   3.3400000e+02   3.3400000e+02   3.7328863e-01
   5.4000000e+00   3.4000000e+02   3.4000000e+02   3.7999441e-01
   5.5000000e+00   3.4100000e+02   3.4100000e+02   3.8111204e-01
   5.6000000e+00   3.6000000e+02   3.6000000e+02   4.0234702e-01
   5.7000000e+00   3.5300000e+02   3.5300000e+02   3.9452361e-01
   5.8000000e+00   4.0200000e+02   4.0200000e+02   4.4928751e-01
   5.9000000e+00   3.8700000e+02   3.8700000e+02   4.3252305e-01
   6.0000000e+00   3.7400000e+02   3.7400000e+02   4.1799385e-01
   6.1000000e+00   3.9800000e+02   3.9800000e+02   4.4481699e-01
   6.2000000e+00   3.9300000e+02   3.9300000e+02   4.3922883e-01
   6.3000000e+00   3.3600000e+02   3.3600000e+02   3.7552389e-01
   6.4000000e+00   3.8800000e+02   3.8800000e+02   4.3364068e-01
   6.5000000e+00   3.6500000e+02   3.6500000e+02   4.0793518e-01
   6.6000000e+00   3.4300000e+02   3.4300000e+02   3.8334730e-01
   6.7000000e+00   4.2800000e+02   4.2800000e+02   4.7834591e-01
   6.8000000e+00   3.7200000e+02   3.7200000e+02   4.1575859e-01
   6.9000000e+00   3.6100000e+02   3.6100000e+02   4.0346465e-01
   7.0000000e+00   3.7500000e+02   3.7500000e+02   4.1911148e-01
   7.1000000e+00   3.5400000e+02   3.5400000e+02   3.9564124e-01
   7.2000000e+00   3.9600000e+02   3.9600000e+02   4.4258173e-01
   7.3000000e+00   3.3300000e+02   3.3300000e+02   3.7217100e-01
   7.4000000e+00   3.1200000e+02   3.1200000e+02   3.4870075e-01
   7.5000000e+00   2.8400000e+02   2.8400000e+02   3.1740710e-01
   7.6000000e+00   4.0800000e+02   4.0800000e+02   4.5599329e-01
   7.7000000e+00   3.5200000e+02   3.5200000e+02   3.9340598e-01
   7.8000000e+00   3.1300000e+02   3.1300000e+02   3.4981839e-01
   7.9000000e+00   3.1100000e+02   3.1100000e+02   3.4758312e-01
   8.0000000e+00   3.3000000e+02   3.3000000e+02   3.6881811e-01
   8.1000000e+00   2.5100000e+02   2.5100000e+02   2.8052529e-01
   8.2000000e+00   2.5300000e+02   2.5300000e+02   2.8276055e-01
   8.3000000e+00   2.4700000e+02   2.4700000e+02   2.7605476e-01
   8.4000000e+00   2.3000000e+02   2.3000000e+02   2.5705504e-01
   8.5000000e+00   2.2100000e+02   2.2100000e+02   2.4699637e-01
   8.6000000e+00   2.6100000e+02   2.6100000e+02   2.9170159e-01
   8.7000000e+00   2.1700000e+02   2.1700000e+02   2.4252585e-01
   8.8000000e+00   2.5300000e+02   2.5300000e+02   2.8276055e-01
   8.9000000e+00   2.4100000e+02   2.4100000e+02   2.6934898e-01
   9.0000000e+00   1.8000000e+02   1.8000000e+02   2.0117351e-01
   9.1000000e+00   2.2100000e+02   2.2100000e+02   2.4699637e-01
   9.2000000e+00   2.0000000e+02   2.0000000e+02   2.2352612e-01
   9.3000000e+00   2.2100000e+02   2.2100000e+02   2.4699637e-01
   9.4000000e+00   2.3300000e+02   2.3300000e+02   2.6040794e-01
   9.5000000e+00   2.6500000e+02   2.6500000e+02   2.9617212e-01
   9.6000000e+00   2.2000000e+02   2.2000000e+02   2.4587874e-01
   9.7000000e+00   2.2300000e+02   2.2300000e+02   2.4923163e-01
   9.8000000e+00   2.0900000e+02   2.0900000e+02   2.3358480e-01
   9.9000000e+00   2.1800000e+02   2.1800000e+02   2.4364348e-01
   1.0000000e+01   2.6500000e+02   2.6500000e+02   2.9617212e-01
   1.0100000e+01   2.4000000e+02   2.4000000e+02   2.6823135e-01
   1.0200000e+01   2.1500000e+02   2.1500000e+02   2.4029058e-01
   1.0300000e+01   2.4900000e+02   2.4900000e+02   2.7829003e-01
   1.0400000e+01   2.2500000e+02   2.2500000e+02   2.5146689e-01
   1.0500000e+01   2.2700000e+02   2.2700000e+02   2.5370215e-01
   1.0600000e+01   1.6000000e+02   1.6000000e+02   1.7882090e-01
   1.0700000e+01   1.9800000e+02   1.9800000e+02   2.2129086e-01
   1.0800000e+01   2.1600000e+02   2.1600000e+02   2.4140821e-01
   1.0900000e+01   2.5300000e+02   2.5300000e+02   2.8276055e-01
   1.1000000e+01   2.5200000e+02   2.5200000e+02   2.8164292e-01
   1.1100000e+01   1.9400000e+02   1.9400000e+02   2.1682034e-01
   1.1200000e+01   2.0900000e+02   2.0900000e+02   2.3358480e-01
   1.1300000e+01   2.1900000e+02   2.1900000e+02   2.4476111e-01
   1.1400000e+01   2.4800000e+02   2.4800000e+02   2.7717239e-01
   1.1500000e+01   2.2100000e+02   2.2100000e+02   2.4699637e-01
   1.1600000e+01   2.2000000e+02   2.2000000e+02   2.4587874e-01
   1.1700000e+01   2.5400000e+02   2.5400000e+02   2.8387818e-01
   1.1800000e+01   2.2100000e+02   2.2100000e+02   2.4699637e-01
   1.1900000e+01   1.9800000e+02   1.9800000e+02   2.2129086e-01
   1.2000000e+01   1.7200000e+02   1.7200000e+02   1.9223247e-01
   1.2100000e+01   2.3100000e+02   2.3100000e+02   2.5817267e-01
   1.2200000e+01   2.2500000e+02   2.2500000e+02   2.5146689e-01
   1.2300000e+01   2.3900000e+02   2.3900000e+02   2.6711372e-01
   1.2400000e+01   2.3500000e+02   2.3500000e+02   2.6264320e-01
   1.2500000e+01   2.5300000e+02   2.5300000e+02   2.8276055e-01
   1.2600000e+01   2.5600000e+02   2.5600000e+02   2.8611344e-01
   1.2700000e+01   2.0800000e+02   2.0800000e+02   2.3246717e-01
   1.2800000e+01   1.4700000e+02   1.4700000e+02   1.6429170e-01
   1.2900000e+01   6.2000000e+01   6.2000000e+01   6.9293099e-02
   1.3000000e+01   9.6000000e+01   9.6000000e+01   1.0729254e-01
   1.3100000e+01   1.1100000e+02   1.1100000e+02   1.2405700e-01
   1.3200000e+01   9.6000000e+01   9.6000000e+01   1.0729254e-01
   1.3300000e+01   7.1000000e+01   7.1000000e+01   7.9351774e-02
   1.3400000e+01   2.1000000e+01   2.1000000e+01   2.3470243e-02
   1.3500000e+01   4.6000000e+01   4.6000000e+01   5.1411009e-02
   1.3600000e+01   1.2200000e+02   1.2200000e+02   1.3635094e-01
   1.3700000e+01   8.7000000e+01   8.7000000e+01   9.7233864e-02
   1.3800000e+01   5.2000000e+01   5.2000000e+01   5.8116792e-02
   1.3900000e+01   1.0600000e+02   1.0600000e+02   1.1846885e-01
   1.4000000e+01   6.3000000e+01   6.3000000e+01   7.0410729e-02
   1.4100000e+01   6.6000000e+01   6.6000000e+01   7.3763621e-02
   1.4200000e+01   6.6000000e+01   6.6000000e+01   7.3763621e-02
   1.4300000e+01   7.9000000e+01   7.9000000e+01   8.8292819e-02
   1.4400000e+01   2.1000000e+01   2.1000000e+01   2.3470243e-02
   1.4500000e+01   1.0700000e+02   1.0700000e+02   1.1958648e-01
   1.4600000e+01   9.0000000e+01   9.0000000e+01   1.0058676e-01
   1.4700000e+01   1.0700000e+02   1.0700000e+02   1.1958648e-01
   1.4800000e+01   5.6000000e+01   5.6000000e+01   6.2587315e-02
   1.4900000e+01   9.9000000e+01   9.9000000e+01   1.1064543e-01
   1.5000000e+01   8.5000000e+01   8.5000000e+01   9.4998603e-02
   1.5100000e+01   8.8000000e+01   8.8000000e+01   9.8351495e-02
   1.5200000e+01   6.4000000e+01   6.4000000e+01   7.1528360e-02
   1.5300000e+01   5.8000000e+01   5.8000000e+01   6.4822576e-02
   1.5400000e+01   1.2800000e+02   1.2800000e+02   1.4305672e-01
   1.5500000e+01   3.8000000e+01   3.8000000e+01   4.2469964e-02
   1.5600000e+01   5.3000000e+01   5.3000000e+01   5.9234423e-02
   1.5700000e+01   7.2000000e+01   7.2000000e+01   8.0469405e-02
   1.5800000e+01   8.6000000e+01   8.6000000e+01   9.6116234e-02
   1.5900000e+01   7.4000000e+01   7.4000000e+01   8.2704666e-02
   1.6000000e+01   1.0400000e+02   1.0400000e+02   1.1623358e-01
   1.6100000e+01   7.1000000e+01   7.1000000e+01   7.9351774e-02
   1.6200000e+01   9.1000000e+01   9.1000000e+01   1.0170439e-01
   1.6300000e+01   4.8000000e+01   4.8000000e+01   5.3646270e-02
   1.6400000e+01   8.1000000e+01   8.1000000e+01   9.0528080e-02
   1.6500000e+01   5.7000000e+01   5.7000000e+01   6.3704946e-02
   1.6600000e+01   8.4000000e+01   8.4000000e+01   9.3880972e-02
   1.6700000e+01   8.4000000e+01   8.4000000e+01   9.3880972e-02
   1.6800000e+01   9.0000000e+01   9.0000000e+01   1.0058676e-01
   1.6900000e+01   6.9000000e+01   6.9000000e+01   7.7116513e-02
   1.7000000e+01   6.1000000e+01   6.1000000e+01   6.8175468e-02
   1.7100000e+01   7.9000000e+01   7.9000000e+01   8.8292819e-02
   1.7200000e+01   7.0000000e+01   7.0000000e+01   7.8234144e-02
   1.7300000e+01   8.3000000e+01   8.3000000e+01   9.2763342e-02
   1.7400000e+01   8.2000000e+01   8.2000000e+01   9.1645711e-02
   1.7500000e+01   5.6000000e+01   5.6000000e+01   6.2587315e-02
   1.7600000e+01   7.9000000e+01   7.9000000e+01   8.8292819e-02
   1.7700000e+01   1.1000000e+02   1.1000000e+02   1.2293937e-01
   1.7800000e+01   9.7000000e+01   9.7000000e+01   1.0841017e-01
   1.7900000e+01   6.9000000e+01   6.9000000e+01   7.7116513e-02
   1.8000000e+01   2.1000000e+01   2.1000000e+01   2.3470243e-02
   1.8100000e+01   9.0000000e+01   9.0000000e+01   1.0058676e-01
   1.8200000e+01   8.0000000e+01   8.0000000e+01   8.9410450e-02
   1.8300000e+01   8.0000000e+01   8.0000000e+01   8.9410450e-02
   1.8400000e+01   8.1000000e+01   8.1000000e+01   9.0528080e-02
   1.8500000e+01   1.1400000e+02   1.1400000e+02   1.2740989e-01
   1.8600000e+01   5.1000000e+01   5.1000000e+01   5.6999162e-02
   1.8700000e+01   8.3000000e+01   8.3000000e+01   9.2763342e-02
   1.8800000e+01   6.2000000e+01   6.2000000e+01   6.9293099e-02
   1.8900000e+01   4.0000000e+01   4.0000000e+01   4.4705225e-02
   1.9000000e+01   6.2000000e+01   6.2000000e+01   6.9293099e-02
   1.9100000e+01   9.0000000e+01   9.0000000e+01   1.0058676e-01
   1.9200000e+01   7.6000000e+01   7.6000000e+01   8.4939927e-02
   1.9300000e+01   6.9000000e+01   6.9000000e+01   7.7116513e-02
   1.9400000e+01   8.0000000e+01   8.0000000e+01   8.9410450e-02
   1.9500000e+01   7.1000000e+01   7.1000000e+01   7.9351774e-02
   1.9600000e+01   3.5000000e+01   3.5000000e+01   3.9117072e-02
   1.9700000e+01   6.1000000e+01   6.1000000e+01   6.8175468e-02
   1.9800000e+01   6.8000000e+01   6.8000000e+01   7.5998882e-02
   1.9900000e+01   7.0000000e+01   7.0000000e+01   7.8234144e-02
   2.0000000e+01   3.6000000e+01   3.6000000e+01   4.0234702e-02
   2.0100000e+01   5.1000000e+01   5.1000000e+01   5.6999162e-02
   2.0200000e+01   1.0100000e+02   1.0100000e+02   1.1288069e-01
   2.0300000e+01   7.8000000e+01   7.8000000e+01   8.7175189e-02
   2.0400000e+01   6.0000000e+01   6.0000000e+01   6.7057837e-02
   2.0500000e+01   6.2000000e+01   6.2000000e+01   6.9293099e-02
   2.0600000e+01   1.0800000e+02   1.0800000e+02   1.2070411e-01
   2.0700000e+01   5.2000000e+01   5.2000000e+01   5.8116792e-02
   2.0800000e+01   6.7000000e+01   6.7000000e+01   7.4881252e-02
   2.0900000e+01   7.4000000e+01   7.4000000e+01   8.2704666e-02
   2.1000000e+01   7.7000000e+01   7.7000000e+01   8.6057558e-02
   2.1100000e+01   9.8000000e+01   9.8000000e+01   1.0952780e-01
   2.1200000e+01   9.0000000e+01   9.0000000e+01   1.0058676e-01
   2.1300000e+01   8.7000000e+01   8.7000000e+01   9.7233864e-02
   2.1400000e+01   7.7000000e+01   7.7000000e+01   8.6057558e-02
   2.1500000e+01   2.6000000e+01   2.6000000e+01   2.9058396e-02
   2.1600000e+01   3.6000000e+01   3.6000000e+01   4.0234702e-02
   2.1700000e+01   9.1000000e+01   9.1000000e+01   1.0170439e-01
   2.1800000e+01   8.9000000e+01   8.9000000e+01   9.9469125e-02
   2.1900000e+01   7.1000000e+01   7.1000000e+01   7.9351774e-02
   2.2000000e+01   8.5000000e+01   8.5000000e+01   9.4998603e-02
   2.2100000e+01   7.5000000e+01   7.5000000e+01   8.3822297e-02
   2.2200000e+01   6.1000000e+01   6.1000000e+01   6.8175468e-02
   2.2300000e+01   6.7000000e+01   6.7000000e+01   7.4881252e-02
   2.2400000e+01   8.0000000e+01   8.0000000e+01   8.9410450e-02
   2.2500000e+01   7.7000000e+01   7.7000000e+01   8.6057558e-02
   2.2600000e+01   8.7000000e+01   8.7000000e+01   9.7233864e-02
   2.2700000e+01   9.3000000e+01   9.3000000e+01   1.0393965e-01
   2.2800000e+01   6.5000000e+01   6.5000000e+01   7.2645991e-02
   2.2900000e+01   5.3000000e+01   5.3000000e+01   5.9234423e-02
   2.3000000e+01   6.8000000e+01   6.8000000e+01   7.5998882e-02
   2.3100000e+01   6.3000000e+01   6.3000000e+01   7.0410729e-02
   2.3200000e+01   7.3000000e+01   7.3000000e+01   8.1587035e-02
   2.3300000e+01   8.6000000e+01   8.6000000e+01   9.6116234e-02
   2.3400000e+01   9.4000000e+01   9.4000000e+01   1.0505728e-01
   2.3500000e+01   5.7000000e+01   5.7000000e+01   6.3704946e-02
   2.3600000e+01   8.5000000e+01   8.5000000e+01   9.4998603e-02
   2.3700000e+01   1.1000000e+02   1.1000000e+02   1.2293937e-01
   2.3800000e+01   4.8000000e+01   4.8000000e+01   5.3646270e-02
   2.3900000e+01   4.4000000e+01   4.4000000e+01   4.9175747e-02
   2.4000000e+01   6.6000000e+01   6.6000000e+01   7.3763621e-02
   2.4100000e+01   4.6000000e+01   4.6000000e+01   5.1411009e-02
   2.4200000e+01   8.5000000e+01   8.5000000e+01   9.4998603e-02
   2.4300000e+01   9.2000000e+01   9.2000000e+01   1.0282202e-01
   2.4400000e+01   7.1000000e+01   7.1000000e+01   7.9351774e-02
   2.4500000e+01   7.0000000e+01   7.0000000e+01   7.8234144e-02
   2.4600000e+01   7.2000000e+01   7.2000000e+01   8.0469405e-02
   2.4700000e+01   8.5000000e+01   8.5000000e+01   9.4998603e-02
   2.4800000e+01   5.1000000e+01   5.1000000e+01   5.6999162e-02
   2.4900000e+01   8.5000000e+01   8.5000000e+01   9.4998603e-02
   2.5000000e+01   8.1000000e+01   8.1000000e+01   9.0528080e-02
   2.5100000e+01   9.9000000e+01   9.9000000e+01   1.1064543e-01
   2.5200000e+01   5.6000000e+01   5.6000000e+01   6.2587315e-02
   2.5300000e+01   3.7000000e+01   3.7000000e+01   4.1352333e-02
   2.5400000e+01   6.1000000e+01   6.1000000e+01   6.8175468e-02
   2.5500000e+01   4.4000000e+01   4.4000000e+01   4.9175747e-02
   2.5600000e+01   7.6000000e+01   7.6000000e+01   8.4939927e-02
   2.5700000e+01   9.5000000e+01   9.5000000e+01   1.0617491e-01
   2.5800000e+01   7.6000000e+01   7.6000000e+01   8.4939927e-02
   2.5900000e+01   5.4000000e+01   5.4000000e+01   6.0352054e-02
   2.6000000e+01   7.1000000e+01   7.1000000e+01   7.9351774e-02
   2.6100000e+01   6.7000000e+01   6.7000000e+01   7.4881252e-02
   2.6200000e+01   8.0000000e+01   8.0000000e+01   8.9410450e-02
   2.6300000e+01   9.2000000e+01   9.2000000e+01   1.0282202e-01
   2.6400000e+01   6.1000000e+01   6.1000000e+01   6.8175468e-02
   2.6500000e+01   7.0000000e+01   7.0000000e+01   7.8234144e-02
   2.6600000e+01   8.7000000e+01   8.7000000e+01   9.7233864e-02
   2.6700000e+01   8.4000000e+01   8.4000000e+01   9.3880972e-02
   2.6800000e+01   8.7000000e+01   8.7000000e+01   9.7233864e-02
   2.6900000e+01   5.9000000e+01   5.9000000e+01   6.5940207e-02
   2.7000000e+01   6.5000000e+01   6.5000000e+01   7.2645991e-02
   2.7100000e+01   4.7000000e+01   4.7000000e+01   5.2528639e-02
   2.7200000e+01   6.9000000e+01   6.9000000e+01   7.7116513e-02
   2.7300000e+01   8.1000000e+01   8.1000000e+01   9.0528080e-02
   2.7400000e+01   6.5000000e+01   6.5000000e+01   7.2645991e-02
   2.7500000e+01   5.9000000e+01   5.9000000e+01   6.5940207e-02
   2.7600000e+01   4.6000000e+01   4.6000000e+01   5.1411009e-02
   2.7700000e+01   7.1000000e+01   7.1000000e+01   7.9351774e-02
   2.7800000e+01   8.6000000e+01   8.6000000e+01   9.6116234e-02
   2.7900000e+01   6.1000000e+01   6.1000000e+01   6.8175468e-02
   2.8000000e+01   5.2000000e+01   5.2000000e+01   5.8116792e-02
   2.8100000e+01   9.6000000e+01   9.6000000e+01   1.0729254e-01
   2.8200000e+01   9.8000000e+01   9.8000000e+01   1.0952780e-01
   2.8300000e+01   6.9000000e+01   6.9000000e+01   7.7116513e-02
   2.8400000e+01   5.3000000e+01   5.3000000e+01   5.9234423e-02
   2.8500000e+01   7.4000000e+01   7.4000000e+01   8.2704666e-02
   2.8600000e+01   8.7000000e+01   8.7000000e+01   9.7233864e-02
   2.8700000e+01   5.6000000e+01   5.6000000e+01   6.2587315e-02
   2.8800000e+01   9.8000000e+01   9.8000000e+01   1.0952780e-01
   2.8900000e+01   5.7000000e+01   5.7000000e+01   6.3704946e-02
   2.9000000e+01   7.4000000e+01   7.4000000e+01   8.2704666e-02
   2.9100000e+01   8.1000000e+01   8.1000000e+01   9.0528080e-02
   2.9200000e+01   5.2000000e+01   5.2000000e+01   5.8116792e-02
   2.9300000e+01   7.7000000e+01   7.7000000e+01   8.6057558e-02
   2.9400000e+01   7.6000000e+01   7.6000000e+01   8.4939927e-02
   2.9500000e+01   6.7000000e+01   6.7000000e+01   7.4881252e-02
   2.9600000e+01   7.3000000e+01   7.3000000e+01   8.1587035e-02
   2.9700000e+01   6.5000000e+01   6.5000000e+01   7.2645991e-02
   2.9800000e+01   7.0000000e+01   7.0000000e+01   7.8234144e-02
   2.9900000e+01   9.2000000e+01   9.2000000e+01   1.0282202e-01
   3.0000000e+01   1.0700000e+02   1.0700000e+02   1.1958648e-01
   3.0100000e+01   1.0600000e+02   1.0600000e+02   1.1846885e-01
   3.0200000e+01   5.6000000e+01   5.6000000e+01   6.2587315e-02
   3.0300000e+01   3.9000000e+01   3.9000000e+01   4.3587594e-02
   3.0400000e+01   8.7000000e+01   8.7000000e+01   9.7233864e-02
   3.0500000e+01   8.1000000e+01   8.1000000e+01   9.0528080e-02
   3.0600000e+01   6.5000000e+01   6.5000000e+01   7.2645991e-02
   3.0700000e+01   1.0700000e+02   1.0700000e+02   1.1958648e-01
   3.0800000e+01   7.6000000e+01   7.6000000e+01   8.4939927e-02
   3.0900000e+01   7.9000000e+01   7.9000000e+01   8.8292819e-02
   3.1000000e+01   6.7000000e+01   6.7000000e+01   7.4881252e-02
   3.1100000e+01   8.3000000e+01   8.3000000e+01   9.2763342e-02
   3.1200000e+01   1.1200000e+02   1.1200000e+02   1.2517463e-01
   3.1300000e+01   5.5000000e+01   5.5000000e+01   6.1469684e-02
   3.1400000e+01   9.4000000e+01   9.4000000e+01   1.0505728e-01
   3.1500000e+01   7.3000000e+01   7.3000000e+01   8.1587035e-02
   3.1600000e+01   8.2000000e+01   8.2000000e+01   9.1645711e-02
   3.1700000e+01   6.1000000e+01   6.1000000e+01   6.8175468e-02
   3.1800000e+01   8.7000000e+01   8.7000000e+01   9.7233864e-02
   3.1900000e+01   9.1000000e+01   9.1000000e+01   1.0170439e-01
   3.2000000e+01   6.9000000e+01   6.9000000e+01   7.7116513e-02
   3.2100000e+01   1.1100000e+02   1.1100000e+02   1.2405700e-01
   3.2200000e+01   4.8000000e+01   4.8000000e+01   5.3646270e-02
   3.2300000e+01   5.1000000e+01   5.1000000e+01   5.6999162e-02
   3.2400000e+01   8.0000000e+01   8.0000000e+01   8.9410450e-02
   3.2500000e+01   7.6000000e+01   7.6000000e+01   8.4939927e-02
   3.2600000e+01   7.5000000e+01   7.5000000e+01   8.3822297e-02
   3.2700000e+01   8.8000000e+01   8.8000000e+01   9.8351495e-02
   3.2800000e+01   9.5000000e+01   9.5000000e+01   1.0617491e-01
   3.2900000e+01   5.8000000e+01   5.8000000e+01   6.4822576e-02
   3.3000000e+01   7.5000000e+01   7.5000000e+01   8.3822297e-02
   3.3100000e+01   6.4000000e+01   6.4000000e+01   7.1528360e-02
   3.3200000e+01   7.6000000e+01   7.6000000e+01   8.4939927e-02
   3.3300000e+01   6.8000000e+01   6.8000000e+01   7.5998882e-02
   3.3400000e+01   6.7000000e+01   6.7000000e+01   7.4881252e-02
   3.3500000e+01   5.4000000e+01   5.4000000e+01   6.0352054e-02
   3.3600000e+01   7.2000000e+01   7.2000000e+01   8.0469405e-02
   3.3700000e+01   8.9000000e+01   8.9000000e+01   9.9469125e-02
   3.3800000e+01   8.1000000e+01   8.1000000e+01   9.0528080e-02
   3.3900000e+01   9.8000000e+01   9.8000000e+01   1.0952780e-01
   3.4000000e+01   3.9000000e+01   3.9000000e+01   4.3587594e-02
   3.4100000e+01   5.2000000e+01   5.2000000e+01   5.8116792e-02
   3.4200000e+01   3.7000000e+01   3.7000000e+01   4.1352333e-02
   3.4300000e+01   9.0000000e+01   9.0000000e+01   1.0058676e-01
   3.4400000e+01   5.1000000e+01   5.1000000e+01   5.6999162e-02
   3.4500000e+01   7.3000000e+01   7.3000000e+01   8.1587035e-02
   3.4600000e+01   4.9000000e+01   4.9000000e+01   5.4763901e-02
   3.4700000e+01   3.5000000e+01   3.5000000e+01   3.9117072e-02
   3.4800000e+01   8.0000000e+01   8.0000000e+01   8.9410450e-02
   3.4900000e+01   5.1000000e+01   5.1000000e+01   5.6999162e-02
   3.5000000e+01   7.6000000e+01   7.6000000e+01   8.4939927e-02
   3.5100000e+01   7.9000000e+01   7.9000000e+01   8.8292819e-02
   3.5200000e+01   4.3000000e+01   4.3000000e+01   4.8058117e-02
   3.5300000e+01   6.3000000e+01   6.3000000e+01   7.0410729e-02
   3.5400000e+01   7.5000000e+01   7.5000000e+01   8.3822297e-02
   3.5500000e+01   1.0800000e+02   1.0800000e+02   1.2070411e-01
   3.5600000e+01   4.4000000e+01   4.4000000e+01   4.9175747e-02
   3.5700000e+01   7.6000000e+01   7.6000000e+01   8.4939927e-02
   3.5800000e+01   7.7000000e+01   7.7000000e+01   8.6057558e-02
   3.5900000e+01   6.8000000e+01   6.8000000e+01   7.5998882e-02
   3.6000000e+01   8.5000000e+01   8.5000000e+01   9.4998603e-02
   3.6100000e+01   6.4000000e+01   6.4000000e+01   7.1528360e-02
   3.6200000e+01   7.5000000e+01   7.5000000e+01   8.3822297e-02
   3.6300000e+01   9.4000000e+01   9.4000000e+01   1.0505728e-01
   3.6400000e+01   8.2000000e+01   8.2000000e+01   9.1645711e-02
   3.6500000e+01   7.7000000e+01   7.7000000e+01   8.6057558e-02
   3.6600000e+01   6.5000000e+01   6.5000000e+01   7.2645991e-02
   3.6700000e+01   4.0000000e+01   4.0000000e+01   4.4705225e-02
   3.6800000e+01   7.1000000e+01   7.1000000e+01   7.9351774e-02
   3.6900000e+01   1.0400000e+02   1.0400000e+02   1.1623358e-01
   3.7000000e+01   7.5000000e+01   7.5000000e+01   8.3822297e-02
   3.7100000e+01   4.6000000e+01   4.6000000e+01   5.1411009e-02
   3.7200000e+01  -1.2000000e+01  -1.2000000e+01  -1.3411567e-02
   3.7300000e+01   8.0000000e+00   8.0000000e+00   8.9410450e-03
   3.7400000e+01  -1.0000000e+01  -1.0000000e+01  -1.1176306e-02
   3.7500000e+01  -8.0000000e+00  -8.0000000e+00  -8.9410450e-03
   3.7600000e+01  -1.3000000e+01  -1.3000000e+01  -1.4529198e-02
   3.7700000e+01   2.0000000e+00   2.0000000e+00   2.2352612e-03
   3.7800000e+01  -3.1000000e+01  -3.1000000e+01  -3.4646549e-02
   3.7900000e+01   1.0000000e+00   1.0000000e+00   1.1176306e-03
   3.8000000e+01   1.0000000e+00   1.0000000e+00   1.1176306e-03
   3.8100000e+01   3.0000000e+01   3.0000000e+01   3.3528919e-02
   3.8200000e+01   3.0000000e+01   3.0000000e+01   3.3528919e-02
   3.8300000e+01   6.0000000e+00   6.0000000e+00   6.7057837e-03
   3.8400000e+01   0.0000000e+00   0.0000000e+00   0.0000000e+00
   3.8500000e+01   2.0000000e+01   2.0000000e+01   2.2352612e-02
   3.8600000e+01  -1.9000000e+01  -1.9000000e+01  -2.1234982e-02
   3.8700000e+01   1.0000000e+01   1.0000000e+01   1.1176306e-02
   3.8800000e+01  -9.0000000e+00  -9.0000000e+00  -1.0058676e-02
   3.8900000e+01  -7.0000000e+00  -7.0000000e+00  -7.8234144e-03
   3.9000000e+01   0.0000000e+00   0.0000000e+00   0.0000000e+00
   3.9100000e+01  -1.5000000e+01  -1.5000000e+01  -1.6764459e-02
   3.9200000e+01  -1.3000000e+01  -1.3000000e+01  -1.4529198e-02
   3.9300000e+01   3.3000000e+01   3.3000000e+01   3.6881811e-02
   3.9400000e+01  -1.2000000e+01  -1.2000000e+01  -1.3411567e-02
   3.9500000e+01  -4.0000000e+00  -4.0000000e+00  -4.4705225e-03
   3.9600000e+01  -3.7000000e+01  -3.7000000e+01  -4.1352333e-02
   3.9700000e+01   3.4000000e+01   3.4000000e+01   3.7999441e-02
   3.9800000e+01  -3.4000000e+01  -3.4000000e+01  -3.7999441e-02
   3.9900000e+01   9.0000000e+00   9.0000000e+00   1.0058676e-02
   4.0000000e+01   1.3000000e+01   1.3000000e+01   1.4529198e-02
   4.0100000e+01  -3.7000000e+01  -3.7000000e+01  -4.1352333e-02
   4.0200000e+01  -8.0000000e+00  -8.0000000e+00  -8.9410450e-03
   4.0300000e+01   1.6000000e+01   1.6000000e+01   1.7882090e-02
   4.0400000e+01   1.2000000e+01   1.2000000e+01   1.3411567e-02
   4.0500000e+01  -2.1000000e+01  -2.1000000e+01  -2.3470243e-02
   4.0600000e+01   1.0000000e+01   1.0000000e+01   1.1176306e-02
   4.0700000e+01   1.9000000e+01   1.9000000e+01   2.1234982e-02
   4.0800000e+01   1.0000000e+00   1.0000000e+00   1.1176306e-03
   4.0900000e+01  -5.0000000e+00  -5.0000000e+00  -5.5881531e-03
   4.1000000e+01  -2.0000000e+01  -2.0000000e+01  -2.2352612e-02
   4.1100000e+01   1.4000000e+01   1.4000000e+01   1.5646829e-02
   4.1200000e+01  -9.0000000e+00  -9.0000000e+00  -1.0058676e-02
   4.1300000e+01  -1.6000000e+01  -1.6000000e+01  -1.7882090e-02
   4.1400000e+01  -2.7000000e+01  -2.7000000e+01  -3.0176027e-02
   4.1500000e+01   1.2000000e+01   1.2000000e+01   1.3411567e-02
   4.1600000e+01   6.0000000e+00   6.0000000e+00   6.7057837e-03
   4.1700000e+01  -2.7000000e+01  -2.7000000e+01  -3.0176027e-02
   4.1800000e+01  -1.5000000e+01  -1.5000000e+01  -1.6764459e-02
   4.1900000e+01  -3.4000000e+01  -3.4000000e+01  -3.7999441e-02
   4.2000000e+01   1.3000000e+01   1.3000000e+01   1.4529198e-02
   4.2100000e+01  -3.0000000e+01  -3.0000000e+01  -3.3528919e-02
   4.2200000e+01  -1.0000000e+01  -1.0000000e+01  -1.1176306e-02
   4.2300000e+01  -8.0000000e+00  -8.0000000e+00  -8.9410450e-03
   4.2400000e+01  -3.0000000e+00  -3.0000000e+00  -3.3528919e-03
   4.2500000e+01  -8.0000000e+00  -8.0000000e+00  -8.9410450e-03
   4.2600000e+01  -2.6000000e+01  -2.6000000e+01  -2.9058396e-02
   4.2700000e+01  -4.0000000e+00  -4.0000000e+00  -4.4705225e-03
   4.2800000e+01   4.0000000e+00   4.0000000e+00   4.4705225e-03
   4.2900000e+01  -1.0000000e+01  -1.0000000e+01  -1.1176306e-02
   4.3000000e+01   1.1000000e+01   1.1000000e+01   1.2293937e-02
   4.3100000e+01  -7.0000000e+00  -7.0000000e+00  -7.8234144e-03
   4.3200000e+01   5.0000000e+00   5.0000000e+00   5.5881531e-03
   4.3300000e+01  -5.0000000e+00  -5.0000000e+00  -5.5881531e-03
   4.3400000e+01   1.0000000e+00   1.0000000e+00   1.1176306e-03
   4.3500000e+01  -3.0000000e+00  -3.0000000e+00  -3.3528919e-03
   4.3600000e+01  -8.0000000e+00  -8.0000000e+00  -8.9410450e-03
   4.3700000e+01  -1.7000000e+01  -1.7000000e+01  -1.8999721e-02
   4.3800000e+01  -1.2000000e+01  -1.2000000e+01  -1.3411567e-02
   4.3900000e+01   8.0000000e+00   8.0000000e+00   8.9410450e-03
   4.4000000e+01  -1.5000000e+01  -1.5000000e+01  -1.6764459e-02
   4.4100000e+01  -1.9000000e+01  -1.9000000e+01  -2.1234982e-02
   4.4200000e+01   1.2000000e+01   1.2000000e+01   1.3411567e-02
   4.4300000e+01  -3.0000000e+00  -3.0000000e+00  -3.3528919e-03
   4.4400000e+01   2.0000000e+00   2.0000000e+00   2.2352612e-03
   4.4500000e+01  -6.0000000e+00  -6.0000000e+00  -6.7057837e-03
   4.4600000e+01   0.0000000e+00   0.0000000e+00   0.0000000e+00
   4.4700000e+01  -1.6000000e+01  -1.6000000e+01  -1.7882090e-02
   4.4800000e+01   7.0000000e+00   7.0000000e+00   7.8234144e-03
   4.4900000e+01  -3.0000000e+00  -3.0000000e+00  -3.3528919e-03
   4.5000000e+01  -4.0000000e+00  -4.0000000e+00  -4.4705225e-03
   4.5100000e+01   1.5000000e+01   1.5000000e+01   1.6764459e-02
   4.5200000e+01  -1.2000000e+01  -1.2000000e+01  -1.3411567e-02
   4.5300000e+01   1.7000000e+01   1.7000000e+01   1.8999721e-02
   4.5400000e+01  -1.9000000e+01  -1.9000000e+01  -2.1234982e-02
   4.5500000e+01  -1.2000000e+01  -1.2000000e+01  -1.3411567e-02
   4.5600000e+01  -1.0000000e+01  -1.0000000e+01  -1.1176306e-02
   4.5700000e+01  -4.0000000e+00  -4.0000000e+00  -4.4705225e-03
   4.5800000e+01  -1.4000000e+01  -1.4000000e+01  -1.5646829e-02
   4.5900000e+01   2.2000000e+01   2.2000000e+01   2.4587874e-02
   4.6000000e+01   2.0000000e+00   2.0000000e+00   2.2352612e-03
   4.6100000e+01   7.0000000e+00   7.0000000e+00   7.8234144e-03
   4.6200000e+01   1.4000000e+01   1.4000000e+01   1.5646829e-02
   4.6300000e+01  -7.0000000e+00  -7.0000000e+00  -7.8234144e-03
   4.6400000e+01   1.0000000e+01   1.0000000e+01   1.1176306e-02
   4.6500000e+01  -4.1000000e+01  -4.1000000e+01  -4.5822856e-02
   4.6600000e+01  -5.0000000e+00  -5.0000000e+00  -5.5881531e-03
   4.6700000e+01  -1.8000000e+01  -1.8000000e+01  -2.0117351e-02
   4.6800000e+01   1.1000000e+01   1.1000000e+01   1.2293937e-02
   4.6900000e+01  -1.9000000e+01  -1.9000000e+01  -2.1234982e-02
   4.7000000e+01  -2.2000000e+01  -2.2000000e+01  -2.4587874e-02
   4.7100000e+01   2.1000000e+01   2.1000000e+01   2.3470243e-02
   4.7200000e+01   7.0000000e+00   7.0000000e+00   7.8234144e-03
   4.7300000e+01  -1.9000000e+01  -1.9000000e+01  -2.1234982e-02
   4.7400000e+01   5.0000000e+00   5.0000000e+00   5.5881531e-03
   4.7500000e+01   2.5000000e+01   2.5000000e+01   2.7940766e-02
   4.7600000e+01  -1.0000000e+01  -1.0000000e+01  -1.1176306e-02
   4.7700000e+01  -4.0000000e+00  -4.0000000e+00  -4.4705225e-03
   4.7800000e+01   1.1000000e+01   1.1000000e+01   1.2293937e-02
   4.7900000e+01   2.7000000e+01   2.7000000e+01   3.0176027e-02
   4.8000000e+01  -4.0000000e+00  -4.0000000e+00  -4.4705225e-03
   4.8100000e+01  -7.0000000e+00  -7.0000000e+00  -7.8234144e-03
   4.8200000e+01  -1.3000000e+01  -1.3000000e+01  -1.4529198e-02
   4.8300000e+01   1.7000000e+01   1.7000000e+01   1.8999721e-02
   4.8400000e+01   2.8000000e+01   2.8000000e+01   3.1293657e-02
   4.8500000e+01  -3.0000000e+00  -3.0000000e+00  -3.3528919e-03
   4.8600000e+01   0.0000000e+00   0.0000000e+00   0.0000000e+00
   4.8700000e+01   1.4000000e+01   1.4000000e+01   1.5646829e-02
   4.8800000e+01  -4.0000000e+00  -4.0000000e+00  -4.4705225e-03
   4.8900000e+01  -1.4000000e+01  -1.4000000e+01  -1.5646829e-02
   4.9000000e+01  -2.1000000e+01  -2.1000000e+01  -2.3470243e-02
   4.9100000e+01  -5.0000000e+00  -5.0000000e+00  -5.5881531e-03
   4.9200000e+01  -2.4000000e+01  -2.4000000e+01  -2.6823135e-02
   4.9300000e+01   6.0000000e+00   6.0000000e+00   6.7057837e-03
   4.9400000e+01   2.0000000e+00   2.0000000e+00   2.2352612e-03
   4.9500000e+01   1.2000000e+01   1.2000000e+01   1.3411567e-02
   4.9600000e+01   1.4000000e+01   1.4000000e+01   1.5646829e-02
   4.9700000e+01   5.0000000e+00   5.0000000e+00   5.5881531e-03
   4.9800000e+01   1.7000000e+01   1.7000000e+01   1.8999721e-02
   4.9900000e+01   4.1000000e+01   4.1000000e+01   4.5822856e-02
   5.0000000e+01   8.0000000e+00   8.0000000e+00   8.9410450e-03
   5.0100000e+01  -1.0000000e+00  -1.0000000e+00  -1.1176306e-03
   5.0200000e+01   4.0000000e+00   4.0000000e+00   4.4705225e-03
   5.0300000e+01   6.0000000e+00   6.0000000e+00   6.7057837e-03
   5.0400000e+01   7.0000000e+00   7.0000000e+00   7.8234144e-03
   5.0500000e+01   1.6000000e+01   1.6000000e+01   1.7882090e-02
   5.0600000e+01   1.0000000e+00   1.0000000e+00   1.1176306e-03
   5.0700000e+01  -1.3000000e+01  -1.3000000e+01  -1.4529198e-02
   5.0800000e+01   1.3000000e+01   1.3000000e+01   1.4529198e-02
   5.0900000e+01  -1.1000000e+01  -1.1000000e+01  -1.2293937e-02
   5.1000000e+01  -1.6000000e+01  -1.6000000e+01  -1.7882090e-02
   5.1100000e+01  -2.0000000e+01  -2.0000000e+01  -2.2352612e-02
   5.1200000e+01  -1.6000000e+01  -1.6000000e+01  -1.7882090e-02
   5.1300000e+01   3.1000000e+01   3.1000000e+01   3.4646549e-02
   5.1400000e+01   1.1000000e+01   1.1000000e+01   1.2293937e-02
   5.1500000e+01   2.0000000e+00   2.0000000e+00   2.2352612e-03
   5.1600000e+01   1.9000000e+01   1.9000000e+01   2.1234982e-02
   5.1700000e+01  -3.0000000e+00  -3.0000000e+00  -3.3528919e-03
   5.1800000e+01   2.3000000e+01   2.3000000e+01   2.5705504e-02
   5.1900000e+01   2.0000000e+00   2.0000000e+00   2.2352612e-03
   5.2000000e+01   4.0000000e+00   4.0000000e+00   4.4705225e-03
   5.2100000e+01   2.2000000e+01   2.2000000e+01   2.4587874e-02
   5.2200000e+01  -3.0000000e+00  -3.0000000e+00  -3.3528919e-03
   5.2300000e+01  -1.8000000e+01  -1.8000000e+01  -2.0117351e-02
   5.2400000e+01  -1.8000000e+01  -1.8000000e+01  -2.0117351e-02
   5.2500000e+01  -1.4000000e+01  -1.4000000e+01  -1.5646829e-02
   5.2600000e+01  -1.5000000e+01  -1.5000000e+01  -1.6764459e-02
   5.2700000e+01   6.0000000e+00   6.0000000e+00   6.7057837e-03
   5.2800000e+01  -1.1000000e+01  -1.1000000e+01  -1.2293937e-02
   5.2900000e+01   1.6000000e+01   1.6000000e+01   1.7882090e-02
   5.3000000e+01  -1.0000000e+00  -1.0000000e+00  -1.1176306e-03
   5.3100000e+01  -2.0000000e+01  -2.0000000e+01  -2.2352612e-02
   5.3200000e+01  -3.0000000e+01  -3.0000000e+01  -3.3528919e-02
   5.3300000e+01   1.8000000e+01   1.8000000e+01   2.0117351e-02
   5.3400000e+01   1.2000000e+01   1.2000000e+01   1.3411567e-02
   5.3500000e+01  -2.5000000e+01  -2.5000000e+01  -2.7940766e-02
   5.3600000e+01  -2.4000000e+01  -2.4000000e+01  -2.6823135e-02
   5.3700000e+01   7.0000000e+00   7.0000000e+00   7.8234144e-03
   5.3800000e+01  -2.5000000e+01  -2.5000000e+01  -2.7940766e-02
   5.3900000e+01   2.6000000e+01   2.6000000e+01   2.9058396e-02
   5.4000000e+01  -2.8000000e+01  -2.8000000e+01  -3.1293657e-02
   5.4100000e+01  -5.3000000e+01  -5.3000000e+01  -5.9234423e-02
   5.4200000e+01   7.0000000e+00   7.0000000e+00   7.8234144e-03
   5.4300000e+01  -3.0000000e+01  -3.0000000e+01  -3.3528919e-02
   5.4400000e+01   1.3000000e+01   1.3000000e+01   1.4529198e-02
   5.4500000e+01   0.0000000e+00   0.0000000e+00   0.0000000e+00
   5.4600000e+01   4.0000000e+00   4.0000000e+00   4.4705225e-03
   5.4700000e+01   2.1000000e+01   2.1000000e+01   2.3470243e-02
   5.4800000e+01  -1.8000000e+01  -1.8000000e+01  -2.0117351e-02
   5.4900000e+01   1.1000000e+01   1.1000000e+01   1.2293937e-02
   5.5000000e+01   1.9000000e+01   1.9000000e+01   2.1234982e-02
   5.5100000e+01   1.5000000e+01   1.5000000e+01   1.6764459e-02
   5.5200000e+01  -1.0000000e+00  -1.0000000e+00  -1.1176306e-03
   5.5300000e+01  -1.0000000e+01  -1.0000000e+01  -1.1176306e-02
   5.5400000e+01  -1.8000000e+01  -1.8000000e+01  -2.0117351e-02
   5.5500000e+01   2.3000000e+01   2.3000000e+01   2.5705504e-02
   5.5600000e+01   3.5000000e+01   3.5000000e+01   3.9117072e-02
   5.5700000e+01   1.5000000e+01   1.5000000e+01   1.6764459e-02
   5.5800000e+01   1.0000000e+00   1.0000000e+00   1.1176306e-03
   5.5900000e+01  -2.0000000e+01  -2.0000000e+01  -2.2352612e-02
   5.6000000e+01   1.9000000e+01   1.9000000e+01   2.1234982e-02
   5.6100000e+01   2.1000000e+01   2.1000000e+01   2.3470243e-02
   5.6200000e+01  -4.0000000e+00  -4.0000000e+00  -4.4705225e-03
   5.6300000e+01   1.7000000e+01   1.7000000e+01   1.8999721e-02
   5.6400000e+01  -1.0000000e+01  -1.0000000e+01  -1.1176306e-02
   5.6500000e+01   4.0000000e+00   4.0000000e+00   4.4705225e-03
   5.6600000e+01   7.0000000e+00   7.0000000e+00   7.8234144e-03
   5.6700000e+01   1.0000000e+01   1.0000000e+01   1.1176306e-02
   5.6800000e+01  -5.0000000e+00  -5.0000000e+00  -5.5881531e-03
   5.6900000e+01   1.1000000e+01   1.1000000e+01   1.2293937e-02
   5.7000000e+01   1.0000000e+00   1.0000000e+00   1.1176306e-03
   5.7100000e+01  -1.0000000e+00  -1.0000000e+00  -1.1176306e-03
   5.7200000e+01   6.0000000e+00   6.0000000e+00   6.7057837e-03
   5.7300000e+01   0.0000000e+00   0.0000000e+00   0.0000000e+00
   5.7400000e+01   2.5000000e+01   2.5000000e+01   2.7940766e-02
   5.7500000e+01  -5.0000000e+00  -5.0000000e+00  -5.5881531e-03
   5.7600000e+01  -3.0000000e+01  -3.0000000e+01  -3.3528919e-02
   5.7700000e+01  -4.0000000e+00  -4.0000000e+00  -4.4705225e-03
   5.7800000e+01  -5.0000000e+00  -5.0000000e+00  -5.5881531e-03
   5.7900000e+01   1.2000000e+01   1.2000000e+01   1.3411567e-02
   5.8000000e+01   1.0000000e+00   1.0000000e+00   1.1176306e-03
   5.8100000e+01   0.0000000e+00   0.0000000e+00   0.0000000e+00
   5.8200000e+01  -2.0000000e+00  -2.0000000e+00  -2.2352612e-03
   5.8300000e+01   8.0000000e+00   8.0000000e+00   8.9410450e-03
   5.8400000e+01   2.0000000e+00   2.0000000e+00   2.2352612e-03
   5.8500000e+01   1.0000000e+00   1.0000000e+00   1.1176306e-03
   5.8600000e+01   3.4000000e+01   3.4000000e+01   3.7999441e-02
   5.8700000e+01  -2.0000000e+00  -2.0000000e+00  -2.2352612e-03
   5.8800000e+01   0.0000000e+00   0.0000000e+00   0.0000000e+00
   5.8900000e+01  -1.6000000e+01  -1.6000000e+01  -1.7882090e-02
   5.9000000e+01  -1.0000000e+00  -1.0000000e+00  -1.1176306e-03
   5.9100000e+01   3.0000000e+00   3.0000000e+00   3.3528919e-03
   5.9200000e+01   1.3000000e+01   1.3000000e+01   1.4529198e-02
   5.9300000e+01   1.2000000e+01   1.2000000e+01   1.3411567e-02
   5.9400000e+01  -2.2000000e+01  -2.2000000e+01  -2.4587874e-02
   5.9500000e+01   2.0000000e+00   2.0000000e+00   2.2352612e-03
   5.9600000e+01  -8.0000000e+00  -8.0000000e+00  -8.9410450e-03
   5.9700000e+01  -8.0000000e+00  -8.0000000e+00  -8.9410450e-03
   5.9800000e+01   1.0000000e+00   1.0000000e+00   1.1176306e-03
   5.9900000e+01  -1.4000000e+01  -1.4000000e+01  -1.5646829e-02
   6.0000000e+01   1.8000000e+01   1.8000000e+01   2.0117351e-02
   6.0100000e+01  -2.2000000e+01  -2.2000000e+01  -2.4587874e-02
   6.0200000e+01   8.0000000e+00   8.0000000e+00   8.9410450e-03
   6.0300000e+01  -6.0000000e+00  -6.0000000e+00  -6.7057837e-03
   6.0400000e+01  -1.0000000e+00  -1.0000000e+00  -1.1176306e-03
   6.0500000e+01   2.0000000e+01   2.0000000e+01   2.2352612e-02
   6.0600000e+01   2.1000000e+01   2.1000000e+01   2.3470243e-02
   6.0700000e+01  -1.6000000e+01  -1.6000000e+01  -1.7882090e-02
   6.0800000e+01   8.0000000e+00   8.0000000e+00   8.9410450e-03
   6.0900000e+01   9.0000000e+00   9.0000000e+00   1.0058676e-02
   6.1000000e+01  -7.0000000e+00  -7.0000000e+00  -7.8234144e-03
   6.1100000e+01   3.5000000e+01   3.5000000e+01   3.9117072e-02
   6.1200000e+01  -3.0000000e+00  -3.0000000e+00  -3.3528919e-03
   6.1300000e+01   1.5000000e+01   1.5000000e+01   1.6764459e-02
   6.1400000e+01   1.1000000e+01   1.1000000e+01   1.2293937e-02
   6.1500000e+01   1.1000000e+01   1.1000000e+01   1.2293937e-02
   6.1600000e+01   5.0000000e+00   5.0000000e+00   5.5881531e-03
   6.1700000e+01  -9.0000000e+00  -9.0000000e+00  -1.0058676e-02
   6.1800000e+01  -1.4000000e+01  -1.4000000e+01  -1.5646829e-02
   6.1900000e+01   1.5000000e+01   1.5000000e+01   1.6764459e-02
   6.2000000e+01  -3.0000000e+00  -3.0000000e+00  -3.3528919e-03
   6.2100000e+01   9.0000000e+00   9.0000000e+00   1.0058676e-02
   6.2200000e+01  -8.0000000e+00  -8.0000000e+00  -8.9410450e-03
   6.2300000e+01  -2.9000000e+01  -2.9000000e+01  -3.2411288e-02
   6.2400000e+01   8.0000000e+00   8.0000000e+00   8.9410450e-03
   6.2500000e+01  -1.1000000e+01  -1.1000000e+01  -1.2293937e-02
   6.2600000e+01   8.0000000e+00   8.0000000e+00   8.9410450e-03
   6.2700000e+01   1.4000000e+01   1.4000000e+01   1.5646829e-02
   6.2800000e+01   1.8000000e+01   1.8000000e+01   2.0117351e-02
   6.2900000e+01  -1.0000000e+01  -1.0000000e+01  -1.1176306e-02
   6.3000000e+01   1.7000000e+01   1.7000000e+01   1.8999721e-02
   6.3100000e+01   3.0000000e+00   3.0000000e+00   3.3528919e-03
   6.3200000e+01  -2.6000000e+01  -2.6000000e+01  -2.9058396e-02
   6.3300000e+01  -1.1000000e+01  -1.1000000e+01  -1.2293937e-02
   6.3400000e+01   5.0000000e+00   5.0000000e+00   5.5881531e-03
   6.3500000e+01  -3.0000000e+00  -3.0000000e+00  -3.3528919e-03
   6.3600000e+01  -4.0000000e+00  -4.0000000e+00  -4.4705225e-03
   6.3700000e+01  -7.0000000e+00  -7.0000000e+00  -7.8234144e-03
   6.3800000e+01   0.0000000e+00   0.0000000e+00   0.0000000e+00
   6.3900000e+01  -9.0000000e+00  -9.0000000e+00  -1.0058676e-02
   6.4000000e+01  -1.3000000e+01  -1.3000000e+01  -1.4529198e-02
   6.4100000e+01  -4.0000000e+00  -4.0000000e+00  -4.4705225e-03
   6.4200000e+01  -6.0000000e+00  -6.0000000e+00  -6.7057837e-03
   6.4300000e+01  -2.2000000e+01  -2.2000000e+01  -2.4587874e-02
   6.4400000e+01  -3.0000000e+00  -3.0000000e+00  -3.3528919e-03
   6.4500000e+01   1.8000000e+01   1.8000000e+01   2.0117351e-02
   6.4600000e+01   2.1000000e+01   2.1000000e+01   2.3470243e-02
   6.4700000e+01   1.0000000e+00   1.0000000e+00   1.1176306e-03
   6.4800000e+01   5.0000000e+00   5.0000000e+00   5.5881531e-03
   6.4900000e+01   1.9000000e+01   1.9000000e+01   2.1234982e-02
   6.5000000e+01  -2.1000000e+01  -2.1000000e+01  -2.3470243e-02
   6.5100000e+01   2.7000000e+01   2.7000000e+01   3.0176027e-02
   6.5200000e+01   6.0000000e+00   6.0000000e+00   6.7057837e-03
   6.5300000e+01   1.4000000e+01   1.4000000e+01   1.5646829e-02
   6.5400000e+01   2.0000000e+00   2.0000000e+00   2.2352612e-03
   6.5500000e+01   7.0000000e+00   7.0000000e+00   7.8234144e-03
   6.5600000e+01  -1.7000000e+01  -1.7000000e+01  -1.8999721e-02
   6.5700000e+01   8.0000000e+00   8.0000000e+00   8.9410450e-03
   6.5800000e+01  -7.0000000e+00  -7.0000000e+00  -7.8234144e-03
   6.5900000e+01  -2.0000000e+01  -2.0000000e+01  -2.2352612e-02
   6.6000000e+01  -1.5000000e+01  -1.5000000e+01  -1.6764459e-02
   6.6100000e+01   7.0000000e+00   7.0000000e+00   7.8234144e-03
   6.6200000e+01  -2.8000000e+01  -2.8000000e+01  -3.1293657e-02
   6.6300000e+01   1.5000000e+01   1.5000000e+01   1.6764459e-02
   6.6400000e+01  -7.0000000e+00  -7.0000000e+00  -7.8234144e-03
   6.6500000e+01   6.0000000e+00   6.0000000e+00   6.7057837e-03
   6.6600000e+01  -1.9000000e+01  -1.9000000e+01  -2.1234982e-02
   6.6700000e+01  -1.3000000e+01  -1.3000000e+01  -1.4529198e-02
   6.6800000e+01   9.0000000e+00   9.0000000e+00   1.0058676e-02
   6.6900000e+01   1.2000000e+01   1.2000000e+01   1.3411567e-02
   6.7000000e+01   8.0000000e+00   8.0000000e+00   8.9410450e-03
   6.7100000e+01   4.0000000e+00   4.0000000e+00   4.4705225e-03
   6.7200000e+01  -1.2000000e+01  -1.2000000e+01  -1.3411567e-02
   6.7300000e+01   0.0000000e+00   0.0000000e+00   0.0000000e+00
   6.7400000e+01   4.0000000e+00   4.0000000e+00   4.4705225e-03
   6.7500000e+01  -2.5000000e+01  -2.5000000e+01  -2.7940766e-02
   6.7600000e+01  -2.3000000e+01  -2.3000000e+01  -2.5705504e-02
   6.7700000e+01  -8.0000000e+00  -8.0000000e+00  -8.9410450e-03
   6.7800000e+01   9.0000000e+00   9.0000000e+00   1.0058676e-02
   6.7900000e+01  -1.0000000e+01  -1.0000000e+01  -1.1176306e-02
   6.8000000e+01   1.9000000e+01   1.9000000e+01   2.1234982e-02
   6.8100000e+01  -2.3000000e+01  -2.3000000e+01  -2.5705504e-02
   6.8200000e+01  -2.2000000e+01  -2.2000000e+01  -2.4587874e-02
   6.8300000e+01  -6.0000000e+00  -6.0000000e+00  -6.7057837e-03
   6.8400000e+01   5.0000000e+00   5.0000000e+00   5.5881531e-03
   6.8500000e+01   1.6000000e+01   1.6000000e+01   1.7882090e-02
   6.8600000e+01  -8.0000000e+00  -8.0000000e+00  -8.9410450e-03
   6.8700000e+01   5.0000000e+00   5.0000000e+00   5.5881531e-03
   6.8800000e+01  -1.0000000e+00  -1.0000000e+00  -1.1176306e-03
   6.8900000e+01  -3.0000000e+00  -3.0000000e+00  -3.3528919e-03
   6.9000000e+01  -1.1000000e+01  -1.1000000e+01  -1.2293937e-02
   6.9100000e+01  -6.0000000e+00  -6.0000000e+00  -6.7057837e-03
   6.9200000e+01  -1.2000000e+01  -1.2000000e+01  -1.3411567e-02
   6.9300000e+01  -1.1000000e+01  -1.1000000e+01  -1.2293937e-02
   6.9400000e+01  -4.0000000e+00  -4.0000000e+00  -4.4705225e-03
   6.9500000e+01   1.0000000e+01   1.0000000e+01   1.1176306e-02
   6.9600000e+01   7.0000000e+00   7.0000000e+00   7.8234144e-03
   6.9700000e+01  -6.0000000e+00  -6.0000000e+00  -6.7057837e-03
   6.9800000e+01   6.0000000e+00   6.0000000e+00   6.7057837e-03
   6.9900000e+01   1.0000000e+01   1.0000000e+01   1.1176306e-02
   7.0000000e+01  -4.1000000e+01  -4.1000000e+01  -4.5822856e-02
   7.0100000e+01  -1.0000000e+00  -1.0000000e+00  -1.1176306e-03
   7.0200000e+01  -1.3000000e+01  -1.3000000e+01  -1.4529198e-02
   7.0300000e+01  -1.0000000e+00  -1.0000000e+00  -1.1176306e-03
   7.0400000e+01   0.0000000e+00   0.0000000e+00   0.0000000e+00
   7.0500000e+01   3.2000000e+01   3.2000000e+01   3.5764180e-02
   7.0600000e+01   7.0000000e+00   7.0000000e+00   7.8234144e-03
   7.0700000e+01   6.0000000e+00   6.0000000e+00   6.7057837e-03
   7.0800000e+01  -3.2000000e+01  -3.2000000e+01  -3.5764180e-02
   7.0900000e+01   2.1000000e+01   2.1000000e+01   2.3470243e-02
   7.1000000e+01  -1.7000000e+01  -1.7000000e+01  -1.8999721e-02
   7.1100000e+01  -1.1000000e+01  -1.1000000e+01  -1.2293937e-02
   7.1200000e+01  -5.0000000e+00  -5.0000000e+00  -5.5881531e-03
   7.1300000e+01   2.0000000e+00   2.0000000e+00   2.2352612e-03
   7.1400000e+01  -1.0000000e+01  -1.0000000e+01  -1.1176306e-02
   7.1500000e+01   4.4000000e+01   4.4000000e+01   4.9175747e-02
   7.1600000e+01   5.0000000e+00   5.0000000e+00   5.5881531e-03
   7.1700000e+01   3.0000000e+00   3.0000000e+00   3.3528919e-03
   7.1800000e+01  -3.0000000e+00  -3.0000000e+00  -3.3528919e-03
   7.1900000e+01  -1.9000000e+01  -1.9000000e+01  -2.1234982e-02
   7.2000000e+01   5.0000000e+00   5.0000000e+00   5.5881531e-03
   7.2100000e+01  -1.1000000e+01  -1.1000000e+01  -1.2293937e-02
   7.2200000e+01   9.0000000e+00   9.0000000e+00   1.0058676e-02
   7.2300000e+01   3.0000000e+00   3.0000000e+00   3.3528919e-03
   7.2400000e+01   2.2000000e+01   2.2000000e+01   2.4587874e-02
   7.2500000e+01   1.0000000e+01   1.0000000e+01   1.1176306e-02
   7.2600000e+01  -1.3000000e+01  -1.3000000e+01  -1.4529198e-02
   7.2700000e+01   2.8000000e+01   2.8000000e+01   3.1293657e-02
   7.2800000e+01   2.1000000e+01   2.1000000e+01   2.3470243e-02
   7.2900000e+01   1.1000000e+01   1.1000000e+01   1.2293937e-02
   7.3000000e+01   3.0000000e+00   3.0000000e+00   3.3528919e-03
   7.3100000e+01   1.4000000e+01   1.4000000e+01   1.5646829e-02
   7.3200000e+01   5.0000000e+00   5.0000000e+00   5.5881531e-03
   7.3300000e+01   1.6000000e+01   1.6000000e+01   1.7882090e-02
   7.3400000e+01   2.0000000e+01   2.0000000e+01   2.2352612e-02
   7.3500000e+01  -1.4000000e+01  -1.4000000e+01  -1.5646829e-02
   7.3600000e+01  -9.0000000e+00  -9.0000000e+00  -1.0058676e-02
   7.3700000e+01  -1.0000000e+01  -1.0000000e+01  -1.1176306e-02
   7.3800000e+01  -4.1000000e+01  -4.1000000e+01  -4.5822856e-02
   7.3900000e+01  -7.0000000e+00  -7.0000000e+00  -7.8234144e-03
   7.4000000e+01  -1.6000000e+01  -1.6000000e+01  -1.7882090e-02
   7.4100000e+01   0.0000000e+00   0.0000000e+00   0.0000000e+00
   7.4200000e+01   3.0000000e+01   3.0000000e+01   3.3528919e-02
   7.4300000e+01  -1.8000000e+01  -1.8000000e+01  -2.0117351e-02
   7.4400000e+01   2.0000000e+00   2.0000000e+00   2.2352612e-03
   7.4500000e+01  -2.4000000e+01  -2.4000000e+01  -2.6823135e-02
   7.4600000e+01  -8.0000000e+00  -8.0000000e+00  -8.9410450e-03
   7.4700000e+01  -2.0000000e+00  -2.0000000e+00  -2.2352612e-03
   7.4800000e+01   1.1000000e+01   1.1000000e+01   1.2293937e-02
   7.4900000e+01  -5.0000000e+00  -5.0000000e+00  -5.5881531e-03
   7.5000000e+01   8.0000000e+00   8.0000000e+00   8.9410450e-03
   7.5100000e+01   1.6000000e+01   1.6000000e+01   1.7882090e-02
   7.5200000e+01   2.4000000e+01   2.4000000e+01   2.6823135e-02
   7.5300000e+01  -6.0000000e+00  -6.0000000e+00  -6.7057837e-03
   7.5400000e+01  -3.0000000e+01  -3.0000000e+01  -3.3528919e-02
   7.5500000e+01  -1.1000000e+01  -1.1000000e+01  -1.2293937e-02
   7.5600000e+01  -5.0000000e+00  -5.0000000e+00  -5.5881531e-03
   7.5700000e+01  -1.6000000e+01  -1.6000000e+01  -1.7882090e-02
   7.5800000e+01  -1.4000000e+01  -1.4000000e+01  -1.5646829e-02
   7.5900000e+01   4.0000000e+00   4.0000000e+00   4.4705225e-03
   7.6000000e+01  -1.1000000e+01  -1.1000000e+01  -1.2293937e-02
   7.6100000e+01  -6.0000000e+00  -6.0000000e+00  -6.7057837e-03
   7.6200000e+01   4.0000000e+00   4.0000000e+00   4.4705225e-03
   7.6300000e+01  -6.0000000e+00  -6.0000000e+00  -6.7057837e-03
   7.6400000e+01   2.0000000e+01   2.0000000e+01   2.2352612e-02
   7.6500000e+01  -1.8000000e+01  -1.8000000e+01  -2.0117351e-02
   7.6600000e+01  -1.9000000e+01  -1.9000000e+01  -2.1234982e-02
   7.6700000e+01   9.0000000e+00   9.0000000e+00   1.0058676e-02
   7.6800000e+01  -2.0000000e+00  -2.0000000e+00  -2.2352612e-03
   7.6900000e+01  -3.0000000e+00  -3.0000000e+00  -3.3528919e-03
   7.7000000e+01  -4.0000000e+01  -4.0000000e+01  -4.4705225e-02
   7.7100000e+01  -2.5000000e+01  -2.5000000e+01  -2.7940766e-02
   7.7200000e+01   5.0000000e+00   5.0000000e+00   5.5881531e-03
   7.7300000e+01   8.0000000e+00   8.0000000e+00   8.9410450e-03
   7.7400000e+01   2.0000000e+00   2.0000000e+00   2.2352612e-03
   7.7500000e+01   6.0000000e+00   6.0000000e+00   6.7057837e-03
   7.7600000e+01   2.0000000e+00   2.0000000e+00   2.2352612e-03
   7.7700000e+01   1.0000000e+01   1.0000000e+01   1.1176306e-02
   7.7800000e+01  -2.2000000e+01  -2.2000000e+01  -2.4587874e-02
   7.7900000e+01  -1.9000000e+01  -1.9000000e+01  -2.1234982e-02
   7.8000000e+01  -8.0000000e+00  -8.0000000e+00  -8.9410450e-03
   7.8100000e+01   8.0000000e+00   8.0000000e+00   8.9410450e-03
