   0.0000000e+00   7.5500000e+02   7.5500000e+02   9.1046126e-01
   1.0000000e-01   8.2900000e+02   8.2900000e+02   9.9969852e-01
   2.0000000e-01   8.5000000e+02   8.5000000e+02   1.0250226e+00
   3.0000000e-01   8.5000000e+02   8.5000000e+02   1.0250226e+00
   4.0000000e-01   7.8800000e+02   7.8800000e+02   9.5025626e-01
   5.0000000e-01   8.5500000e+02   8.5500000e+02   1.0310522e+00
   6.0000000e-01   8.1900000e+02   8.1900000e+02   9.8763943e-01
   7.0000000e-01   7.8500000e+02   7.8500000e+02   9.4663853e-01
   8.0000000e-01   7.8400000e+02   7.8400000e+02   9.4543262e-01
   9.0000000e-01   7.2000000e+02   7.2000000e+02   8.6825445e-01
   1.0000000e+00   7.7300000e+02   7.7300000e+02   9.3216762e-01
   1.1000000e+00   8.1300000e+02   8.1300000e+02   9.8040398e-01
   1.2000000e+00   8.0900000e+02   8.0900000e+02   9.7558034e-01
   1.3000000e+00   8.6600000e+02   8.6600000e+02   1.0443172e+00
   1.4000000e+00   7.1200000e+02   7.1200000e+02   8.5860718e-01
   1.5000000e+00   5.9100000e+02   5.9100000e+02   7.1269219e-01
   1.6000000e+00   5.4600000e+02   5.4600000e+02   6.5842629e-01
   1.7000000e+00   6.0900000e+02   6.0900000e+02   7.3439855e-01
   1.8000000e+00   5.9400000e+02   5.9400000e+02   7.1630992e-01
   1.9000000e+00   6.3500000e+02   6.3500000e+02   7.6575219e-01
   2.0000000e+00   5.2100000e+02   5.2100000e+02   6.2827856e-01
   2.1000000e+00   5.1700000e+02   5.1700000e+02   6.2345493e-01
   2.2000000e+00   4.0600000e+02   4.0600000e+02   4.8959904e-01
   2.3000000e+00   3.5000000e+02   3.5000000e+02   4.2206813e-01
   2.4000000e+00   3.0400000e+02   3.0400000e+02   3.6659632e-01
   2.5000000e+00   3.2000000e+02   3.2000000e+02   3.8589087e-01
   2.6000000e+00   2.9700000e+02   2.9700000e+02   3.5815496e-01
   2.7000000e+00   3.3400000e+02   3.3400000e+02   4.0277359e-01
   2.8000000e+00   3.3600000e+02   3.3600000e+02   4.0518541e-01
   2.9000000e+00   2.8700000e+02   2.8700000e+02   3.4609587e-01
   3.0000000e+00   3.7700000e+02   3.7700000e+02   4.5462768e-01
   3.1000000e+00   3.3900000e+02   3.3900000e+02   4.0880314e-01
   3.2000000e+00   3.3100000e+02   3.3100000e+02   3.9915586e-01
   3.3000000e+00   2.9300000e+02   2.9300000e+02   3.5333132e-01
   3.4000000e+00   3.6400000e+02   3.6400000e+02   4.3895086e-01
   3.5000000e+00   3.4400000e+02   3.4400000e+02   4.1483268e-01
   3.6000000e+00   3.6400000e+02   3.6400000e+02   4.3895086e-01
   3.7000000e+00   3.5000000e+02   3.5000000e+02   4.2206813e-01
   3.8000000e+00   1.7800000e+02   1.7800000e+02   2.1465179e-01
   3.9000000e+00   1.2900000e+02   1.2900000e+02   1.5556226e-01
   4.0000000e+00   1.8000000e+02   1.8000000e+02   2.1706361e-01
   4.1000000e+00   1.8000000e+02   1.8000000e+02   2.1706361e-01
   4.2000000e+00   1.3000000e+02   1.3000000e+02   1.5676816e-01
   4.3000000e+00   1.9200000e+02   1.9200000e+02   2.3153452e-01
   4.4000000e+00   1.8000000e+02   1.8000000e+02   2.1706361e-01
   4.5000000e+00   1.4600000e+02   1.4600000e+02   1.7606271e-01
   4.6000000e+00   1.4200000e+02   1.4200000e+02   1.7123907e-01
   4.7000000e+00   1.7000000e+02   1.7000000e+02   2.0500452e-01
   4.8000000e+00   1.8100000e+02   1.8100000e+02   2.1826952e-01
   4.9000000e+00   1.9900000e+02   1.9900000e+02   2.3997588e-01
   5.0000000e+00   1.8300000e+02   1.8300000e+02   2.2068134e-01
   5.1000000e+00   1.3900000e+02   1.3900000e+02   1.6762134e-01
   5.2000000e+00   1.8800000e+02   1.8800000e+02   2.2671088e-01
   5.3000000e+00   1.7800000e+02   1.7800000e+02   2.1465179e-01
   5.4000000e+00   1.5300000e+02   1.5300000e+02   1.8450407e-01
   5.5000000e+00   1.7200000e+02   1.7200000e+02   2.0741634e-01
   5.6000000e+00   1.0300000e+02   1.0300000e+02   1.2420862e-01
   5.7000000e+00   2.1400000e+02   2.1400000e+02   2.5806452e-01
   5.8000000e+00   1.6300000e+02   1.6300000e+02   1.9656316e-01
   5.9000000e+00   1.4000000e+02   1.4000000e+02   1.6882725e-01
   6.0000000e+00   1.7500000e+02   1.7500000e+02   2.1103407e-01
   6.1000000e+00   1.3000000e+02   1.3000000e+02   1.5676816e-01
   6.2000000e+00   1.7100000e+02   1.7100000e+02   2.0621043e-01
   6.3000000e+00   1.5800000e+02   1.5800000e+02   1.9053361e-01
   6.4000000e+00   1.3600000e+02   1.3600000e+02   1.6400362e-01
   6.5000000e+00   1.4400000e+02   1.4400000e+02   1.7365089e-01
   6.6000000e+00   1.8100000e+02   1.8100000e+02   2.1826952e-01
   6.7000000e+00   1.8700000e+02   1.8700000e+02   2.2550497e-01
   6.8000000e+00   1.9300000e+02   1.9300000e+02   2.3274043e-01
   6.9000000e+00   1.7900000e+02   1.7900000e+02   2.1585770e-01
   7.0000000e+00   2.1700000e+02   2.1700000e+02   2.6168224e-01
   7.1000000e+00   1.6000000e+02   1.6000000e+02   1.9294543e-01
   7.2000000e+00   1.6100000e+02   1.6100000e+02   1.9415134e-01
   7.3000000e+00   2.0400000e+02   2.0400000e+02   2.4600543e-01
   7.4000000e+00   2.0200000e+02   2.0200000e+02   2.4359361e-01
   7.5000000e+00   1.8000000e+02   1.8000000e+02   2.1706361e-01
   7.6000000e+00   1.9300000e+02   1.9300000e+02   2.3274043e-01
   7.7000000e+00   1.5900000e+02   1.5900000e+02   1.9173952e-01
   7.8000000e+00   1.8500000e+02   1.8500000e+02   2.2309316e-01
   7.9000000e+00   1.5100000e+02   1.5100000e+02   1.8209225e-01
   8.0000000e+00   1.6600000e+02   1.6600000e+02   2.0018089e-01
   8.1000000e+00   1.9800000e+02   1.9800000e+02   2.3876997e-01
   8.2000000e+00   1.6800000e+02   1.6800000e+02   2.0259270e-01
   8.3000000e+00   1.5200000e+02   1.5200000e+02   1.8329816e-01
   8.4000000e+00   1.6100000e+02   1.6100000e+02   1.9415134e-01
   8.5000000e+00   1.7000000e+02   1.7000000e+02   2.0500452e-01
   8.6000000e+00   1.9500000e+02   1.9500000e+02   2.3515225e-01
   8.7000000e+00   1.2100000e+02   1.2100000e+02   1.4591498e-01
   8.8000000e+00   1.7000000e+02   1.7000000e+02   2.0500452e-01
   8.9000000e+00   2.0200000e+02   2.0200000e+02   2.4359361e-01
   9.0000000e+00   1.8900000e+02   1.8900000e+02   2.2791679e-01
   9.1000000e+00   1.7700000e+02   1.7700000e+02   2.1344588e-01
   9.2000000e+00   2.0300000e+02   2.0300000e+02   2.4479952e-01
   9.3000000e+00   1.6400000e+02   1.6400000e+02   1.9776907e-01
   9.4000000e+00   2.0300000e+02   2.0300000e+02   2.4479952e-01
   9.5000000e+00   1.6300000e+02   1.6300000e+02   1.9656316e-01
   9.6000000e+00   2.2200000e+02   2.2200000e+02   2.6771179e-01
   9.7000000e+00   1.8800000e+02   1.8800000e+02   2.2671088e-01
   9.8000000e+00   2.0400000e+02   2.0400000e+02   2.4600543e-01
   9.9000000e+00   2.1200000e+02   2.1200000e+02   2.5565270e-01
   1.0000000e+01   1.9000000e+02   1.9000000e+02   2.2912270e-01
   1.0100000e+01   1.7900000e+02   1.7900000e+02   2.1585770e-01
   1.0200000e+01   1.8000000e+02   1.8000000e+02   2.1706361e-01
   1.0300000e+01   2.0800000e+02   2.0800000e+02   2.5082906e-01
   1.0400000e+01   1.9300000e+02   1.9300000e+02   2.3274043e-01
   1.0500000e+01   2.0900000e+02   2.0900000e+02   2.5203497e-01
   1.0600000e+01   1.3900000e+02   1.3900000e+02   1.6762134e-01
   1.0700000e+01   1.6700000e+02   1.6700000e+02   2.0138680e-01
   1.0800000e+01   1.4600000e+02   1.4600000e+02   1.7606271e-01
   1.0900000e+01   1.9000000e+02   1.9000000e+02   2.2912270e-01
   1.1000000e+01   1.6300000e+02   1.6300000e+02   1.9656316e-01
   1.1100000e+01   1.7200000e+02   1.7200000e+02   2.0741634e-01
   1.1200000e+01   1.7500000e+02   1.7500000e+02   2.1103407e-01
   1.1300000e+01   2.0500000e+02   2.0500000e+02   2.4721134e-01
   1.1400000e+01   1.8700000e+02   1.8700000e+02   2.2550497e-01
   1.1500000e+01   1.7700000e+02   1.7700000e+02   2.1344588e-01
   1.1600000e+01   1.6100000e+02   1.6100000e+02   1.9415134e-01
   1.1700000e+01   1.7300000e+02   1.7300000e+02   2.0862225e-01
   1.1800000e+01   2.0600000e+02   2.0600000e+02   2.4841724e-01
   1.1900000e+01   1.7600000e+02   1.7600000e+02   2.1223998e-01
   1.2000000e+01   1.6500000e+02   1.6500000e+02   1.9897498e-01
   1.2100000e+01   1.7200000e+02   1.7200000e+02   2.0741634e-01
   1.2200000e+01   2.0100000e+02   2.0100000e+02   2.4238770e-01
   1.2300000e+01   1.6300000e+02   1.6300000e+02   1.9656316e-01
   1.2400000e+01   1.7800000e+02   1.7800000e+02   2.1465179e-01
   1.2500000e+01   1.8400000e+02   1.8400000e+02   2.2188725e-01
   1.2600000e+01   1.6900000e+02   1.6900000e+02   2.0379861e-01
   1.2700000e+01   1.5100000e+02   1.5100000e+02   1.8209225e-01
   1.2800000e+01   1.9900000e+02   1.9900000e+02   2.3997588e-01
   1.2900000e+01   1.5200000e+02   1.5200000e+02   1.8329816e-01
   1.3000000e+01   9.6000000e+01   9.6000000e+01   1.1576726e-01
   1.3100000e+01  -1.0000000e+01  -1.0000000e+01  -1.2059090e-02
   1.3200000e+01  -1.0000000e+00  -1.0000000e+00  -1.2059090e-03
   1.3300000e+01  -1.7000000e+01  -1.7000000e+01  -2.0500452e-02
   1.3400000e+01  -3.3000000e+01  -3.3000000e+01  -3.9794995e-02
   1.3500000e+01   4.0000000e+00   4.0000000e+00   4.8236358e-03
   1.3600000e+01   9.0000000e+00   9.0000000e+00   1.0853181e-02
   1.3700000e+01  -7.0000000e+00  -7.0000000e+00  -8.4413627e-03
   1.3800000e+01   5.0000000e+00   5.0000000e+00   6.0295448e-03
   1.3900000e+01  -1.8000000e+01  -1.8000000e+01  -2.1706361e-02
   1.4000000e+01   5.0000000e+00   5.0000000e+00   6.0295448e-03
   1.4100000e+01  -2.8000000e+01  -2.8000000e+01  -3.3765451e-02
   1.4200000e+01   1.2000000e+01   1.2000000e+01   1.4470907e-02
   1.4300000e+01  -9.0000000e+00  -9.0000000e+00  -1.0853181e-02
   1.4400000e+01  -1.3000000e+01  -1.3000000e+01  -1.5676816e-02
   1.4500000e+01  -2.3000000e+01  -2.3000000e+01  -2.7735906e-02
   1.4600000e+01  -1.8000000e+01  -1.8000000e+01  -2.1706361e-02
   1.4700000e+01  -4.0000000e+00  -4.0000000e+00  -4.8236358e-03
   1.4800000e+01  -9.0000000e+00  -9.0000000e+00  -1.0853181e-02
   1.4900000e+01   4.0000000e+00   4.0000000e+00   4.8236358e-03
   1.5000000e+01   2.4000000e+01   2.4000000e+01   2.8941815e-02
   1.5100000e+01   3.4000000e+01   3.4000000e+01   4.1000904e-02
   1.5200000e+01   2.1000000e+01   2.1000000e+01   2.5324088e-02
   1.5300000e+01  -9.0000000e+00  -9.0000000e+00  -1.0853181e-02
   1.5400000e+01  -1.0000000e+00  -1.0000000e+00  -1.2059090e-03
   1.5500000e+01   1.1000000e+01   1.1000000e+01   1.3264998e-02
   1.5600000e+01   5.0000000e+01   5.0000000e+01   6.0295448e-02
   1.5700000e+01  -8.0000000e+00  -8.0000000e+00  -9.6472716e-03
   1.5800000e+01  -2.0000000e+00  -2.0000000e+00  -2.4118179e-03
   1.5900000e+01   7.0000000e+00   7.0000000e+00   8.4413627e-03
   1.6000000e+01  -2.2000000e+01  -2.2000000e+01  -2.6529997e-02
   1.6100000e+01   3.4000000e+01   3.4000000e+01   4.1000904e-02
   1.6200000e+01  -1.0000000e+01  -1.0000000e+01  -1.2059090e-02
   1.6300000e+01  -1.7000000e+01  -1.7000000e+01  -2.0500452e-02
   1.6400000e+01   4.0000000e+00   4.0000000e+00   4.8236358e-03
   1.6500000e+01  -1.0000000e+01  -1.0000000e+01  -1.2059090e-02
   1.6600000e+01  -5.0000000e+00  -5.0000000e+00  -6.0295448e-03
   1.6700000e+01  -6.0000000e+00  -6.0000000e+00  -7.2354537e-03
   1.6800000e+01  -1.1000000e+01  -1.1000000e+01  -1.3264998e-02
   1.6900000e+01  -4.0000000e+00  -4.0000000e+00  -4.8236358e-03
   1.7000000e+01   4.0000000e+00   4.0000000e+00   4.8236358e-03
   1.7100000e+01   2.7000000e+01   2.7000000e+01   3.2559542e-02
   1.7200000e+01   7.0000000e+00   7.0000000e+00   8.4413627e-03
   1.7300000e+01   9.0000000e+00   9.0000000e+00   1.0853181e-02
   1.7400000e+01   2.0000000e+00   2.0000000e+00   2.4118179e-03
   1.7500000e+01   1.0000000e+00   1.0000000e+00   1.2059090e-03
   1.7600000e+01  -4.4000000e+01  -4.4000000e+01  -5.3059994e-02
   1.7700000e+01   2.3000000e+01   2.3000000e+01   2.7735906e-02
   1.7800000e+01  -9.0000000e+00  -9.0000000e+00  -1.0853181e-02
   1.7900000e+01   1.3000000e+01   1.3000000e+01   1.5676816e-02
   1.8000000e+01   0.0000000e+00   0.0000000e+00   0.0000000e+00
   1.8100000e+01   3.7000000e+01   3.7000000e+01   4.4618631e-02
   1.8200000e+01   1.9000000e+01   1.9000000e+01   2.2912270e-02
   1.8300000e+01   2.6000000e+01   2.6000000e+01   3.1353633e-02
   1.8400000e+01   1.4000000e+01   1.4000000e+01   1.6882725e-02
   1.8500000e+01  -2.7000000e+01  -2.7000000e+01  -3.2559542e-02
   1.8600000e+01   2.0000000e+01   2.0000000e+01   2.4118179e-02
   1.8700000e+01  -2.1000000e+01  -2.1000000e+01  -2.5324088e-02
   1.8800000e+01  -1.1000000e+01  -1.1000000e+01  -1.3264998e-02
   1.8900000e+01  -2.2000000e+01  -2.2000000e+01  -2.6529997e-02
   1.9000000e+01  -2.9000000e+01  -2.9000000e+01  -3.4971360e-02
   1.9100000e+01  -1.0000000e+01  -1.0000000e+01  -1.2059090e-02
   1.9200000e+01  -2.4000000e+01  -2.4000000e+01  -2.8941815e-02
   1.9300000e+01  -2.0000000e+00  -2.0000000e+00  -2.4118179e-03
   1.9400000e+01   3.6000000e+01   3.6000000e+01   4.3412722e-02
   1.9500000e+01   2.2000000e+01   2.2000000e+01   2.6529997e-02
   1.9600000e+01  -1.5000000e+01  -1.5000000e+01  -1.8088634e-02
   1.9700000e+01  -1.0000000e+00  -1.0000000e+00  -1.2059090e-03
   1.9800000e+01   3.0000000e+01   3.0000000e+01   3.6177269e-02
   1.9900000e+01  -1.8000000e+01  -1.8000000e+01  -2.1706361e-02
   2.0000000e+01   1.5000000e+01   1.5000000e+01   1.8088634e-02
   2.0100000e+01  -2.7000000e+01  -2.7000000e+01  -3.2559542e-02
   2.0200000e+01   3.0000000e+00   3.0000000e+00   3.6177269e-03
   2.0300000e+01  -7.0000000e+00  -7.0000000e+00  -8.4413627e-03
   2.0400000e+01  -1.0000000e+01  -1.0000000e+01  -1.2059090e-02
   2.0500000e+01   1.8000000e+01   1.8000000e+01   2.1706361e-02
   2.0600000e+01  -1.0000000e+00  -1.0000000e+00  -1.2059090e-03
   2.0700000e+01   9.0000000e+00   9.0000000e+00   1.0853181e-02
   2.0800000e+01  -1.6000000e+01  -1.6000000e+01  -1.9294543e-02
   2.0900000e+01   2.5000000e+01   2.5000000e+01   3.0147724e-02
   2.1000000e+01  -2.6000000e+01  -2.6000000e+01  -3.1353633e-02
   2.1100000e+01  -1.0000000e+00  -1.0000000e+00  -1.2059090e-03
   2.1200000e+01  -6.0000000e+00  -6.0000000e+00  -7.2354537e-03
   2.1300000e+01  -1.2000000e+01  -1.2000000e+01  -1.4470907e-02
   2.1400000e+01   2.3000000e+01   2.3000000e+01   2.7735906e-02
   2.1500000e+01   1.6000000e+01   1.6000000e+01   1.9294543e-02
   2.1600000e+01   5.0000000e+00   5.0000000e+00   6.0295448e-03
   2.1700000e+01  -2.0000000e+00  -2.0000000e+00  -2.4118179e-03
   2.1800000e+01   1.3000000e+01   1.3000000e+01   1.5676816e-02
   2.1900000e+01  -4.0000000e+00  -4.0000000e+00  -4.8236358e-03
   2.2000000e+01  -3.0000000e+00  -3.0000000e+00  -3.6177269e-03
   2.2100000e+01  -1.4000000e+01  -1.4000000e+01  -1.6882725e-02
   2.2200000e+01  -1.1000000e+01  -1.1000000e+01  -1.3264998e-02
   2.2300000e+01   1.2000000e+01   1.2000000e+01   1.4470907e-02
   2.2400000e+01   1.6000000e+01   1.6000000e+01   1.9294543e-02
   2.2500000e+01   1.4000000e+01   1.4000000e+01   1.6882725e-02
   2.2600000e+01   0.0000000e+00   0.0000000e+00   0.0000000e+00
   2.2700000e+01  -2.3000000e+01  -2.3000000e+01  -2.7735906e-02
   2.2800000e+01  -2.1000000e+01  -2.1000000e+01  -2.5324088e-02
   2.2900000e+01   5.0000000e+00   5.0000000e+00   6.0295448e-03
   2.3000000e+01   1.7000000e+01   1.7000000e+01   2.0500452e-02
   2.3100000e+01  -2.3000000e+01  -2.3000000e+01  -2.7735906e-02
   2.3200000e+01   2.1000000e+01   2.1000000e+01   2.5324088e-02
   2.3300000e+01   6.0000000e+00   6.0000000e+00   7.2354537e-03
   2.3400000e+01  -1.7000000e+01  -1.7000000e+01  -2.0500452e-02
   2.3500000e+01   3.5000000e+01   3.5000000e+01   4.2206813e-02
   2.3600000e+01  -3.0000000e+01  -3.0000000e+01  -3.6177269e-02
   2.3700000e+01   0.0000000e+00   0.0000000e+00   0.0000000e+00
   2.3800000e+01   8.0000000e+00   8.0000000e+00   9.6472716e-03
   2.3900000e+01  -2.1000000e+01  -2.1000000e+01  -2.5324088e-02
   2.4000000e+01  -7.0000000e+00  -7.0000000e+00  -8.4413627e-03
   2.4100000e+01   2.0000000e+00   2.0000000e+00   2.4118179e-03
   2.4200000e+01  -2.4000000e+01  -2.4000000e+01  -2.8941815e-02
   2.4300000e+01   6.0000000e+00   6.0000000e+00   7.2354537e-03
   2.4400000e+01  -9.0000000e+00  -9.0000000e+00  -1.0853181e-02
   2.4500000e+01  -1.9000000e+01  -1.9000000e+01  -2.2912270e-02
   2.4600000e+01  -2.7000000e+01  -2.7000000e+01  -3.2559542e-02
   2.4700000e+01   2.7000000e+01   2.7000000e+01   3.2559542e-02
   2.4800000e+01  -3.0000000e+00  -3.0000000e+00  -3.6177269e-03
   2.4900000e+01  -1.1000000e+01  -1.1000000e+01  -1.3264998e-02
   2.5000000e+01  -2.0000000e+00  -2.0000000e+00  -2.4118179e-03
   2.5100000e+01  -8.0000000e+00  -8.0000000e+00  -9.6472716e-03
   2.5200000e+01   2.0000000e+01   2.0000000e+01   2.4118179e-02
   2.5300000e+01   2.3000000e+01   2.3000000e+01   2.7735906e-02
   2.5400000e+01  -2.3000000e+01  -2.3000000e+01  -2.7735906e-02
   2.5500000e+01  -2.0000000e+01  -2.0000000e+01  -2.4118179e-02
   2.5600000e+01   9.0000000e+00   9.0000000e+00   1.0853181e-02
   2.5700000e+01  -2.3000000e+01  -2.3000000e+01  -2.7735906e-02
   2.5800000e+01   9.0000000e+00   9.0000000e+00   1.0853181e-02
   2.5900000e+01  -1.6000000e+01  -1.6000000e+01  -1.9294543e-02
   2.6000000e+01  -1.4000000e+01  -1.4000000e+01  -1.6882725e-02
   2.6100000e+01  -1.0000000e+00  -1.0000000e+00  -1.2059090e-03
   2.6200000e+01   4.0000000e+00   4.0000000e+00   4.8236358e-03
   2.6300000e+01  -3.0000000e+00  -3.0000000e+00  -3.6177269e-03
   2.6400000e+01   9.0000000e+00   9.0000000e+00   1.0853181e-02
   2.6500000e+01   8.0000000e+00   8.0000000e+00   9.6472716e-03
   2.6600000e+01   1.4000000e+01   1.4000000e+01   1.6882725e-02
   2.6700000e+01   3.0000000e+00   3.0000000e+00   3.6177269e-03
   2.6800000e+01  -5.0000000e+00  -5.0000000e+00  -6.0295448e-03
   2.6900000e+01  -1.0000000e+00  -1.0000000e+00  -1.2059090e-03
   2.7000000e+01  -2.0000000e+00  -2.0000000e+00  -2.4118179e-03
   2.7100000e+01  -1.2000000e+01  -1.2000000e+01  -1.4470907e-02
   2.7200000e+01   1.6000000e+01   1.6000000e+01   1.9294543e-02
   2.7300000e+01  -5.0000000e+00  -5.0000000e+00  -6.0295448e-03
   2.7400000e+01  -1.1000000e+01  -1.1000000e+01  -1.3264998e-02
   2.7500000e+01  -2.4000000e+01  -2.4000000e+01  -2.8941815e-02
   2.7600000e+01  -1.5000000e+01  -1.5000000e+01  -1.8088634e-02
   2.7700000e+01   1.2000000e+01   1.2000000e+01   1.4470907e-02
   2.7800000e+01   8.0000000e+00   8.0000000e+00   9.6472716e-03
   2.7900000e+01   1.1000000e+01   1.1000000e+01   1.3264998e-02
   2.8000000e+01   1.2000000e+01   1.2000000e+01   1.4470907e-02
   2.8100000e+01   1.3000000e+01   1.3000000e+01   1.5676816e-02
   2.8200000e+01  -7.0000000e+00  -7.0000000e+00  -8.4413627e-03
   2.8300000e+01   4.0000000e+00   4.0000000e+00   4.8236358e-03
   2.8400000e+01   2.2000000e+01   2.2000000e+01   2.6529997e-02
   2.8500000e+01   3.0000000e+01   3.0000000e+01   3.6177269e-02
   2.8600000e+01   3.0000000e+01   3.0000000e+01   3.6177269e-02
   2.8700000e+01  -9.0000000e+00  -9.0000000e+00  -1.0853181e-02
   2.8800000e+01   0.0000000e+00   0.0000000e+00   0.0000000e+00
   2.8900000e+01   1.5000000e+01   1.5000000e+01   1.8088634e-02
   2.9000000e+01   0.0000000e+00   0.0000000e+00   0.0000000e+00
   2.9100000e+01  -4.0000000e+00  -4.0000000e+00  -4.8236358e-03
   2.9200000e+01   1.7000000e+01   1.7000000e+01   2.0500452e-02
   2.9300000e+01  -1.7000000e+01  -1.7000000e+01  -2.0500452e-02
   2.9400000e+01   1.3000000e+01   1.3000000e+01   1.5676816e-02
   2.9500000e+01  -1.5000000e+01  -1.5000000e+01  -1.8088634e-02
   2.9600000e+01   1.4000000e+01   1.4000000e+01   1.6882725e-02
   2.9700000e+01   1.9000000e+01   1.9000000e+01   2.2912270e-02
   2.9800000e+01   8.0000000e+00   8.0000000e+00   9.6472716e-03
   2.9900000e+01  -1.4000000e+01  -1.4000000e+01  -1.6882725e-02
   3.0000000e+01  -7.0000000e+00  -7.0000000e+00  -8.4413627e-03
   3.0100000e+01  -4.8000000e+01  -4.8000000e+01  -5.7883630e-02
   3.0200000e+01   1.0000000e+01   1.0000000e+01   1.2059090e-02
   3.0300000e+01  -9.0000000e+00  -9.0000000e+00  -1.0853181e-02
   3.0400000e+01   5.0000000e+00   5.0000000e+00   6.0295448e-03
   3.0500000e+01  -2.8000000e+01  -2.8000000e+01  -3.3765451e-02
   3.0600000e+01   1.6000000e+01   1.6000000e+01   1.9294543e-02
   3.0700000e+01   8.0000000e+00   8.0000000e+00   9.6472716e-03
   3.0800000e+01  -7.0000000e+00  -7.0000000e+00  -8.4413627e-03
   3.0900000e+01   3.0000000e+01   3.0000000e+01   3.6177269e-02
   3.1000000e+01  -3.0000000e+01  -3.0000000e+01  -3.6177269e-02
   3.1100000e+01   3.6000000e+01   3.6000000e+01   4.3412722e-02
   3.1200000e+01  -9.0000000e+00  -9.0000000e+00  -1.0853181e-02
   3.1300000e+01  -2.3000000e+01  -2.3000000e+01  -2.7735906e-02
   3.1400000e+01  -3.7000000e+01  -3.7000000e+01  -4.4618631e-02
   3.1500000e+01   9.0000000e+00   9.0000000e+00   1.0853181e-02
   3.1600000e+01   3.0000000e+00   3.0000000e+00   3.6177269e-03
   3.1700000e+01   0.0000000e+00   0.0000000e+00   0.0000000e+00
   3.1800000e+01  -1.0000000e+01  -1.0000000e+01  -1.2059090e-02
   3.1900000e+01  -6.2000000e+01  -6.2000000e+01  -7.4766355e-02
   3.2000000e+01   3.0000000e+00   3.0000000e+00   3.6177269e-03
   3.2100000e+01   1.0000000e+01   1.0000000e+01   1.2059090e-02
   3.2200000e+01   0.0000000e+00   0.0000000e+00   0.0000000e+00
   3.2300000e+01  -2.3000000e+01  -2.3000000e+01  -2.7735906e-02
   3.2400000e+01   2.0000000e+01   2.0000000e+01   2.4118179e-02
   3.2500000e+01   1.6000000e+01   1.6000000e+01   1.9294543e-02
   3.2600000e+01  -1.1000000e+01  -1.1000000e+01  -1.3264998e-02
   3.2700000e+01  -1.0000000e+00  -1.0000000e+00  -1.2059090e-03
   3.2800000e+01  -5.0000000e+00  -5.0000000e+00  -6.0295448e-03
   3.2900000e+01   2.4000000e+01   2.4000000e+01   2.8941815e-02
   3.3000000e+01  -1.3000000e+01  -1.3000000e+01  -1.5676816e-02
   3.3100000e+01  -9.0000000e+00  -9.0000000e+00  -1.0853181e-02
   3.3200000e+01  -8.0000000e+00  -8.0000000e+00  -9.6472716e-03
   3.3300000e+01   1.0000000e+01   1.0000000e+01   1.2059090e-02
   3.3400000e+01  -2.2000000e+01  -2.2000000e+01  -2.6529997e-02
   3.3500000e+01   4.0000000e+00   4.0000000e+00   4.8236358e-03
   3.3600000e+01  -1.3000000e+01  -1.3000000e+01  -1.5676816e-02
   3.3700000e+01   1.4000000e+01   1.4000000e+01   1.6882725e-02
   3.3800000e+01  -1.9000000e+01  -1.9000000e+01  -2.2912270e-02
   3.3900000e+01  -2.6000000e+01  -2.6000000e+01  -3.1353633e-02
   3.4000000e+01  -2.5000000e+01  -2.5000000e+01  -3.0147724e-02
   3.4100000e+01   1.0000000e+00   1.0000000e+00   1.2059090e-03
   3.4200000e+01  -1.0000000e+01  -1.0000000e+01  -1.2059090e-02
   3.4300000e+01  -2.0000000e+01  -2.0000000e+01  -2.4118179e-02
   3.4400000e+01   1.9000000e+01   1.9000000e+01   2.2912270e-02
   3.4500000e+01  -3.0000000e+00  -3.0000000e+00  -3.6177269e-03
   3.4600000e+01   6.0000000e+00   6.0000000e+00   7.2354537e-03
   3.4700000e+01  -6.0000000e+00  -6.0000000e+00  -7.2354537e-03
   3.4800000e+01   1.3000000e+01   1.3000000e+01   1.5676816e-02
   3.4900000e+01   5.0000000e+00   5.0000000e+00   6.0295448e-03
   3.5000000e+01  -9.0000000e+00  -9.0000000e+00  -1.0853181e-02
   3.5100000e+01   9.0000000e+00   9.0000000e+00   1.0853181e-02
   3.5200000e+01   0.0000000e+00   0.0000000e+00   0.0000000e+00
   3.5300000e+01  -1.0000000e+00  -1.0000000e+00  -1.2059090e-03
   3.5400000e+01   2.0000000e+00   2.0000000e+00   2.4118179e-03
   3.5500000e+01  -6.0000000e+00  -6.0000000e+00  -7.2354537e-03
   3.5600000e+01   7.0000000e+00   7.0000000e+00   8.4413627e-03
   3.5700000e+01   2.6000000e+01   2.6000000e+01   3.1353633e-02
   3.5800000e+01   3.2000000e+01   3.2000000e+01   3.8589087e-02
   3.5900000e+01   1.2000000e+01   1.2000000e+01   1.4470907e-02
   3.6000000e+01  -3.7000000e+01  -3.7000000e+01  -4.4618631e-02
   3.6100000e+01   0.0000000e+00   0.0000000e+00   0.0000000e+00
   3.6200000e+01  -1.1000000e+01  -1.1000000e+01  -1.3264998e-02
   3.6300000e+01   4.0000000e+00   4.0000000e+00   4.8236358e-03
   3.6400000e+01  -2.6000000e+01  -2.6000000e+01  -3.1353633e-02
   3.6500000e+01   5.0000000e+00   5.0000000e+00   6.0295448e-03
   3.6600000e+01  -1.2000000e+01  -1.2000000e+01  -1.4470907e-02
   3.6700000e+01  -1.0000000e+00  -1.0000000e+00  -1.2059090e-03
   3.6800000e+01   2.2000000e+01   2.2000000e+01   2.6529997e-02
   3.6900000e+01  -3.2000000e+01  -3.2000000e+01  -3.8589087e-02
   3.7000000e+01   9.0000000e+00   9.0000000e+00   1.0853181e-02
   3.7100000e+01   7.0000000e+00   7.0000000e+00   8.4413627e-03
   3.7200000e+01  -3.2000000e+01  -3.2000000e+01  -3.8589087e-02
   3.7300000e+01   7.0000000e+00   7.0000000e+00   8.4413627e-03
   3.7400000e+01  -7.0000000e+00  -7.0000000e+00  -8.4413627e-03
   3.7500000e+01   1.1000000e+01   1.1000000e+01   1.3264998e-02
   3.7600000e+01   0.0000000e+00   0.0000000e+00   0.0000000e+00
   3.7700000e+01   2.0000000e+00   2.0000000e+00   2.4118179e-03
   3.7800000e+01   7.0000000e+00   7.0000000e+00   8.4413627e-03
   3.7900000e+01  -8.0000000e+00  -8.0000000e+00  -9.6472716e-03
   3.8000000e+01   1.3000000e+01   1.3000000e+01   1.5676816e-02
   3.8100000e+01  -3.9000000e+01  -3.9000000e+01  -4.7030449e-02
   3.8200000e+01   2.2000000e+01   2.2000000e+01   2.6529997e-02
   3.8300000e+01   2.2000000e+01   2.2000000e+01   2.6529997e-02
   3.8400000e+01   4.0000000e+00   4.0000000e+00   4.8236358e-03
   3.8500000e+01  -7.0000000e+00  -7.0000000e+00  -8.4413627e-03
   3.8600000e+01   1.1000000e+01   1.1000000e+01   1.3264998e-02
   3.8700000e+01   1.4000000e+01   1.4000000e+01   1.6882725e-02
   3.8800000e+01   2.0000000e+00   2.0000000e+00   2.4118179e-03
   3.8900000e+01  -1.6000000e+01  -1.6000000e+01  -1.9294543e-02
   3.9000000e+01  -1.3000000e+01  -1.3000000e+01  -1.5676816e-02
   3.9100000e+01   2.1000000e+01   2.1000000e+01   2.5324088e-02
   3.9200000e+01   1.9000000e+01   1.9000000e+01   2.2912270e-02
   3.9300000e+01  -4.0000000e+01  -4.0000000e+01  -4.8236358e-02
   3.9400000e+01   2.4000000e+01   2.4000000e+01   2.8941815e-02
   3.9500000e+01   8.0000000e+00   8.0000000e+00   9.6472716e-03
   3.9600000e+01  -2.0000000e+01  -2.0000000e+01  -2.4118179e-02
   3.9700000e+01   7.0000000e+00   7.0000000e+00   8.4413627e-03
   3.9800000e+01  -1.0000000e+00  -1.0000000e+00  -1.2059090e-03
   3.9900000e+01  -1.0000000e+01  -1.0000000e+01  -1.2059090e-02
   4.0000000e+01  -1.0000000e+00  -1.0000000e+00  -1.2059090e-03
   4.0100000e+01   2.0000000e+00   2.0000000e+00   2.4118179e-03
   4.0200000e+01   3.0000000e+00   3.0000000e+00   3.6177269e-03
   4.0300000e+01   9.0000000e+00   9.0000000e+00   1.0853181e-02
   4.0400000e+01   5.0000000e+00   5.0000000e+00   6.0295448e-03
   4.0500000e+01  -6.0000000e+00  -6.0000000e+00  -7.2354537e-03
   4.0600000e+01  -1.0000000e+01  -1.0000000e+01  -1.2059090e-02
   4.0700000e+01  -2.0000000e+00  -2.0000000e+00  -2.4118179e-03
   4.0800000e+01   1.8000000e+01   1.8000000e+01   2.1706361e-02
   4.0900000e+01  -1.4000000e+01  -1.4000000e+01  -1.6882725e-02
   4.1000000e+01  -1.1000000e+01  -1.1000000e+01  -1.3264998e-02
   4.1100000e+01  -7.0000000e+00  -7.0000000e+00  -8.4413627e-03
   4.1200000e+01   1.4000000e+01   1.4000000e+01   1.6882725e-02
   4.1300000e+01  -1.6000000e+01  -1.6000000e+01  -1.9294543e-02
   4.1400000e+01  -7.0000000e+00  -7.0000000e+00  -8.4413627e-03
   4.1500000e+01   9.0000000e+00   9.0000000e+00   1.0853181e-02
   4.1600000e+01   1.0000000e+00   1.0000000e+00   1.2059090e-03
   4.1700000e+01  -1.0000000e+00  -1.0000000e+00  -1.2059090e-03
   4.1800000e+01   9.0000000e+00   9.0000000e+00   1.0853181e-02
   4.1900000e+01   0.0000000e+00   0.0000000e+00   0.0000000e+00
   4.2000000e+01  -4.0000000e+00  -4.0000000e+00  -4.8236358e-03
   4.2100000e+01   1.9000000e+01   1.9000000e+01   2.2912270e-02
   4.2200000e+01   2.3000000e+01   2.3000000e+01   2.7735906e-02
   4.2300000e+01  -4.0000000e+00  -4.0000000e+00  -4.8236358e-03
   4.2400000e+01  -2.3000000e+01  -2.3000000e+01  -2.7735906e-02
   4.2500000e+01   1.6000000e+01   1.6000000e+01   1.9294543e-02
   4.2600000e+01   1.3000000e+01   1.3000000e+01   1.5676816e-02
   4.2700000e+01  -5.6000000e+01  -5.6000000e+01  -6.7530901e-02
   4.2800000e+01  -2.2000000e+01  -2.2000000e+01  -2.6529997e-02
   4.2900000e+01  -1.6000000e+01  -1.6000000e+01  -1.9294543e-02
   4.3000000e+01  -1.9000000e+01  -1.9000000e+01  -2.2912270e-02
   4.3100000e+01  -2.0000000e+01  -2.0000000e+01  -2.4118179e-02
   4.3200000e+01   1.1000000e+01   1.1000000e+01   1.3264998e-02
   4.3300000e+01   1.2000000e+01   1.2000000e+01   1.4470907e-02
   4.3400000e+01  -8.0000000e+00  -8.0000000e+00  -9.6472716e-03
   4.3500000e+01   2.0000000e+01   2.0000000e+01   2.4118179e-02
   4.3600000e+01   2.0000000e+00   2.0000000e+00   2.4118179e-03
   4.3700000e+01  -5.0000000e+00  -5.0000000e+00  -6.0295448e-03
   4.3800000e+01  -1.4000000e+01  -1.4000000e+01  -1.6882725e-02
   4.3900000e+01   3.0000000e+00   3.0000000e+00   3.6177269e-03
   4.4000000e+01  -8.0000000e+00  -8.0000000e+00  -9.6472716e-03
   4.4100000e+01   4.0000000e+00   4.0000000e+00   4.8236358e-03
   4.4200000e+01  -7.0000000e+00  -7.0000000e+00  -8.4413627e-03
   4.4300000e+01  -2.0000000e+00  -2.0000000e+00  -2.4118179e-03
   4.4400000e+01  -1.4000000e+01  -1.4000000e+01  -1.6882725e-02
   4.4500000e+01  -1.2000000e+01  -1.2000000e+01  -1.4470907e-02
   4.4600000e+01  -1.9000000e+01  -1.9000000e+01  -2.2912270e-02
   4.4700000e+01  -5.0000000e+00  -5.0000000e+00  -6.0295448e-03
   4.4800000e+01  -1.4000000e+01  -1.4000000e+01  -1.6882725e-02
   4.4900000e+01   5.0000000e+00   5.0000000e+00   6.0295448e-03
   4.5000000e+01   2.0000000e+01   2.0000000e+01   2.4118179e-02
   4.5100000e+01  -6.0000000e+00  -6.0000000e+00  -7.2354537e-03
   4.5200000e+01  -8.0000000e+00  -8.0000000e+00  -9.6472716e-03
   4.5300000e+01   2.4000000e+01   2.4000000e+01   2.8941815e-02
   4.5400000e+01   2.0000000e+01   2.0000000e+01   2.4118179e-02
   4.5500000e+01  -1.9000000e+01  -1.9000000e+01  -2.2912270e-02
   4.5600000e+01  -1.9000000e+01  -1.9000000e+01  -2.2912270e-02
   4.5700000e+01  -1.5000000e+01  -1.5000000e+01  -1.8088634e-02
   4.5800000e+01  -2.4000000e+01  -2.4000000e+01  -2.8941815e-02
   4.5900000e+01   0.0000000e+00   0.0000000e+00   0.0000000e+00
   4.6000000e+01   1.9000000e+01   1.9000000e+01   2.2912270e-02
   4.6100000e+01   1.9000000e+01   1.9000000e+01   2.2912270e-02
   4.6200000e+01   5.0000000e+00   5.0000000e+00   6.0295448e-03
   4.6300000e+01   1.0000000e+01   1.0000000e+01   1.2059090e-02
   4.6400000e+01  -1.1000000e+01  -1.1000000e+01  -1.3264998e-02
   4.6500000e+01  -1.9000000e+01  -1.9000000e+01  -2.2912270e-02
   4.6600000e+01   7.0000000e+00   7.0000000e+00   8.4413627e-03
   4.6700000e+01  -6.0000000e+00  -6.0000000e+00  -7.2354537e-03
   4.6800000e+01   1.8000000e+01   1.8000000e+01   2.1706361e-02
   4.6900000e+01  -4.0000000e+00  -4.0000000e+00  -4.8236358e-03
   4.7000000e+01  -1.2000000e+01  -1.2000000e+01  -1.4470907e-02
   4.7100000e+01   6.0000000e+00   6.0000000e+00   7.2354537e-03
   4.7200000e+01   2.7000000e+01   2.7000000e+01   3.2559542e-02
   4.7300000e+01  -1.1000000e+01  -1.1000000e+01  -1.3264998e-02
   4.7400000e+01   1.3000000e+01   1.3000000e+01   1.5676816e-02
   4.7500000e+01   2.5000000e+01   2.5000000e+01   3.0147724e-02
   4.7600000e+01   3.0000000e+00   3.0000000e+00   3.6177269e-03
   4.7700000e+01   0.0000000e+00   0.0000000e+00   0.0000000e+00
   4.7800000e+01  -3.1000000e+01  -3.1000000e+01  -3.7383178e-02
   4.7900000e+01  -5.0000000e+00  -5.0000000e+00  -6.0295448e-03
   4.8000000e+01   1.1000000e+01   1.1000000e+01   1.3264998e-02
   4.8100000e+01  -1.5000000e+01  -1.5000000e+01  -1.8088634e-02
   4.8200000e+01   1.5000000e+01   1.5000000e+01   1.8088634e-02
   4.8300000e+01  -2.3000000e+01  -2.3000000e+01  -2.7735906e-02
   4.8400000e+01  -1.3000000e+01  -1.3000000e+01  -1.5676816e-02
   4.8500000e+01   3.0000000e+00   3.0000000e+00   3.6177269e-03
   4.8600000e+01   4.0000000e+00   4.0000000e+00   4.8236358e-03
   4.8700000e+01   4.0000000e+00   4.0000000e+00   4.8236358e-03
   4.8800000e+01   0.0000000e+00   0.0000000e+00   0.0000000e+00
   4.8900000e+01   2.5000000e+01   2.5000000e+01   3.0147724e-02
   4.9000000e+01   6.0000000e+00   6.0000000e+00   7.2354537e-03
   4.9100000e+01  -2.6000000e+01  -2.6000000e+01  -3.1353633e-02
   4.9200000e+01  -1.6000000e+01  -1.6000000e+01  -1.9294543e-02
   4.9300000e+01  -4.0000000e+00  -4.0000000e+00  -4.8236358e-03
   4.9400000e+01   1.2000000e+01   1.2000000e+01   1.4470907e-02
   4.9500000e+01  -2.2000000e+01  -2.2000000e+01  -2.6529997e-02
   4.9600000e+01  -2.1000000e+01  -2.1000000e+01  -2.5324088e-02
   4.9700000e+01   8.0000000e+00   8.0000000e+00   9.6472716e-03
   4.9800000e+01  -8.0000000e+00  -8.0000000e+00  -9.6472716e-03
   4.9900000e+01  -4.0000000e+00  -4.0000000e+00  -4.8236358e-03
   5.0000000e+01  -1.4000000e+01  -1.4000000e+01  -1.6882725e-02
   5.0100000e+01   1.0000000e+00   1.0000000e+00   1.2059090e-03
   5.0200000e+01   1.3000000e+01   1.3000000e+01   1.5676816e-02
   5.0300000e+01  -7.0000000e+00  -7.0000000e+00  -8.4413627e-03
   5.0400000e+01  -1.6000000e+01  -1.6000000e+01  -1.9294543e-02
   5.0500000e+01   2.0000000e+00   2.0000000e+00   2.4118179e-03
   5.0600000e+01   3.0000000e+00   3.0000000e+00   3.6177269e-03
   5.0700000e+01   2.0000000e+00   2.0000000e+00   2.4118179e-03
   5.0800000e+01  -9.0000000e+00  -9.0000000e+00  -1.0853181e-02
   5.0900000e+01   1.0000000e+00   1.0000000e+00   1.2059090e-03
   5.1000000e+01  -7.0000000e+00  -7.0000000e+00  -8.4413627e-03
   5.1100000e+01  -1.5000000e+01  -1.5000000e+01  -1.8088634e-02
   5.1200000e+01  -7.0000000e+00  -7.0000000e+00  -8.4413627e-03
   5.1300000e+01   1.0000000e+00   1.0000000e+00   1.2059090e-03
   5.1400000e+01  -1.9000000e+01  -1.9000000e+01  -2.2912270e-02
   5.1500000e+01   1.6000000e+01   1.6000000e+01   1.9294543e-02
   5.1600000e+01  -8.0000000e+00  -8.0000000e+00  -9.6472716e-03
   5.1700000e+01   3.0000000e+01   3.0000000e+01   3.6177269e-02
   5.1800000e+01  -1.0000000e+01  -1.0000000e+01  -1.2059090e-02
   5.1900000e+01  -3.0000000e+01  -3.0000000e+01  -3.6177269e-02
   5.2000000e+01   1.3000000e+01   1.3000000e+01   1.5676816e-02
   5.2100000e+01  -1.0000000e+01  -1.0000000e+01  -1.2059090e-02
   5.2200000e+01   1.6000000e+01   1.6000000e+01   1.9294543e-02
   5.2300000e+01   3.0000000e+00   3.0000000e+00   3.6177269e-03
   5.2400000e+01   3.0000000e+00   3.0000000e+00   3.6177269e-03
   5.2500000e+01  -2.7000000e+01  -2.7000000e+01  -3.2559542e-02
   5.2600000e+01   2.3000000e+01   2.3000000e+01   2.7735906e-02
   5.2700000e+01  -2.5000000e+01  -2.5000000e+01  -3.0147724e-02
   5.2800000e+01  -3.0000000e+01  -3.0000000e+01  -3.6177269e-02
   5.2900000e+01   6.0000000e+00   6.0000000e+00   7.2354537e-03
   5.3000000e+01  -3.3000000e+01  -3.3000000e+01  -3.9794995e-02
   5.3100000e+01   1.8000000e+01   1.8000000e+01   2.1706361e-02
   5.3200000e+01  -1.0000000e+01  -1.0000000e+01  -1.2059090e-02
   5.3300000e+01   1.8000000e+01   1.8000000e+01   2.1706361e-02
   5.3400000e+01  -2.0000000e+01  -2.0000000e+01  -2.4118179e-02
   5.3500000e+01  -3.0000000e+00  -3.0000000e+00  -3.6177269e-03
   5.3600000e+01   4.0000000e+00   4.0000000e+00   4.8236358e-03
   5.3700000e+01   1.3000000e+01   1.3000000e+01   1.5676816e-02
   5.3800000e+01  -1.2000000e+01  -1.2000000e+01  -1.4470907e-02
   5.3900000e+01   8.0000000e+00   8.0000000e+00   9.6472716e-03
   5.4000000e+01   2.9000000e+01   2.9000000e+01   3.4971360e-02
   5.4100000e+01  -1.1000000e+01  -1.1000000e+01  -1.3264998e-02
   5.4200000e+01   0.0000000e+00   0.0000000e+00   0.0000000e+00
   5.4300000e+01   9.0000000e+00   9.0000000e+00   1.0853181e-02
   5.4400000e+01  -6.0000000e+00  -6.0000000e+00  -7.2354537e-03
   5.4500000e+01  -3.2000000e+01  -3.2000000e+01  -3.8589087e-02
   5.4600000e+01  -1.2000000e+01  -1.2000000e+01  -1.4470907e-02
   5.4700000e+01   2.4000000e+01   2.4000000e+01   2.8941815e-02
   5.4800000e+01   8.0000000e+00   8.0000000e+00   9.6472716e-03
   5.4900000e+01  -1.1000000e+01  -1.1000000e+01  -1.3264998e-02
   5.5000000e+01   9.0000000e+00   9.0000000e+00   1.0853181e-02
   5.5100000e+01   8.0000000e+00   8.0000000e+00   9.6472716e-03
   5.5200000e+01   1.0000000e+01   1.0000000e+01   1.2059090e-02
   5.5300000e+01   1.7000000e+01   1.7000000e+01   2.0500452e-02
   5.5400000e+01  -4.0000000e+00  -4.0000000e+00  -4.8236358e-03
   5.5500000e+01   1.0000000e+01   1.0000000e+01   1.2059090e-02
   5.5600000e+01  -1.5000000e+01  -1.5000000e+01  -1.8088634e-02
   5.5700000e+01  -1.0000000e+00  -1.0000000e+00  -1.2059090e-03
   5.5800000e+01  -1.0000000e+00  -1.0000000e+00  -1.2059090e-03
   5.5900000e+01  -1.1000000e+01  -1.1000000e+01  -1.3264998e-02
   5.6000000e+01  -1.7000000e+01  -1.7000000e+01  -2.0500452e-02
   5.6100000e+01   2.1000000e+01   2.1000000e+01   2.5324088e-02
   5.6200000e+01  -7.0000000e+00  -7.0000000e+00  -8.4413627e-03
   5.6300000e+01   3.0000000e+00   3.0000000e+00   3.6177269e-03
   5.6400000e+01  -1.1000000e+01  -1.1000000e+01  -1.3264998e-02
   5.6500000e+01  -6.0000000e+00  -6.0000000e+00  -7.2354537e-03
   5.6600000e+01   5.0000000e+00   5.0000000e+00   6.0295448e-03
   5.6700000e+01   7.0000000e+00   7.0000000e+00   8.4413627e-03
   5.6800000e+01  -6.0000000e+00  -6.0000000e+00  -7.2354537e-03
   5.6900000e+01  -4.0000000e+00  -4.0000000e+00  -4.8236358e-03
   5.7000000e+01  -1.1000000e+01  -1.1000000e+01  -1.3264998e-02
   5.7100000e+01   8.0000000e+00   8.0000000e+00   9.6472716e-03
   5.7200000e+01   1.7000000e+01   1.7000000e+01   2.0500452e-02
   5.7300000e+01   1.8000000e+01   1.8000000e+01   2.1706361e-02
   5.7400000e+01  -1.7000000e+01  -1.7000000e+01  -2.0500452e-02
   5.7500000e+01  -3.5000000e+01  -3.5000000e+01  -4.2206813e-02
   5.7600000e+01   8.0000000e+00   8.0000000e+00   9.6472716e-03
   5.7700000e+01   1.0000000e+01   1.0000000e+01   1.2059090e-02
   5.7800000e+01   7.0000000e+00   7.0000000e+00   8.4413627e-03
   5.7900000e+01   8.0000000e+00   8.0000000e+00   9.6472716e-03
   5.8000000e+01   0.0000000e+00   0.0000000e+00   0.0000000e+00
   5.8100000e+01   2.2000000e+01   2.2000000e+01   2.6529997e-02
   5.8200000e+01  -8.0000000e+00  -8.0000000e+00  -9.6472716e-03
   5.8300000e+01  -7.0000000e+00  -7.0000000e+00  -8.4413627e-03
   5.8400000e+01   2.0000000e+00   2.0000000e+00   2.4118179e-03
   5.8500000e+01  -1.0000000e+01  -1.0000000e+01  -1.2059090e-02
   5.8600000e+01   2.4000000e+01   2.4000000e+01   2.8941815e-02
   5.8700000e+01  -2.3000000e+01  -2.3000000e+01  -2.7735906e-02
   5.8800000e+01   1.5000000e+01   1.5000000e+01   1.8088634e-02
   5.8900000e+01   1.0000000e+00   1.0000000e+00   1.2059090e-03
   5.9000000e+01  -1.3000000e+01  -1.3000000e+01  -1.5676816e-02
   5.9100000e+01  -8.0000000e+00  -8.0000000e+00  -9.6472716e-03
   5.9200000e+01   1.0000000e+00   1.0000000e+00   1.2059090e-03
   5.9300000e+01  -4.0000000e+00  -4.0000000e+00  -4.8236358e-03
   5.9400000e+01  -1.0000000e+01  -1.0000000e+01  -1.2059090e-02
   5.9500000e+01  -9.0000000e+00  -9.0000000e+00  -1.0853181e-02
   5.9600000e+01  -2.1000000e+01  -2.1000000e+01  -2.5324088e-02
   5.9700000e+01  -8.0000000e+00  -8.0000000e+00  -9.6472716e-03
   5.9800000e+01  -2.4000000e+01  -2.4000000e+01  -2.8941815e-02
   5.9900000e+01   1.3000000e+01   1.3000000e+01   1.5676816e-02
   6.0000000e+01   0.0000000e+00   0.0000000e+00   0.0000000e+00
   6.0100000e+01   1.5000000e+01   1.5000000e+01   1.8088634e-02
   6.0200000e+01  -4.2000000e+01  -4.2000000e+01  -5.0648176e-02
   6.0300000e+01  -1.6000000e+01  -1.6000000e+01  -1.9294543e-02
   6.0400000e+01   1.1000000e+01   1.1000000e+01   1.3264998e-02
   6.0500000e+01  -2.8000000e+01  -2.8000000e+01  -3.3765451e-02
   6.0600000e+01  -1.2000000e+01  -1.2000000e+01  -1.4470907e-02
   6.0700000e+01  -1.3000000e+01  -1.3000000e+01  -1.5676816e-02
   6.0800000e+01  -2.1000000e+01  -2.1000000e+01  -2.5324088e-02
   6.0900000e+01  -3.2000000e+01  -3.2000000e+01  -3.8589087e-02
   6.1000000e+01  -2.1000000e+01  -2.1000000e+01  -2.5324088e-02
   6.1100000e+01   1.0000000e+00   1.0000000e+00   1.2059090e-03
   6.1200000e+01   6.0000000e+00   6.0000000e+00   7.2354537e-03
   6.1300000e+01  -9.0000000e+00  -9.0000000e+00  -1.0853181e-02
   6.1400000e+01  -8.0000000e+00  -8.0000000e+00  -9.6472716e-03
   6.1500000e+01  -1.5000000e+01  -1.5000000e+01  -1.8088634e-02
   6.1600000e+01   1.0000000e+01   1.0000000e+01   1.2059090e-02
   6.1700000e+01   1.0000000e+01   1.0000000e+01   1.2059090e-02
   6.1800000e+01  -1.6000000e+01  -1.6000000e+01  -1.9294543e-02
   6.1900000e+01   7.0000000e+00   7.0000000e+00   8.4413627e-03
   6.2000000e+01  -6.0000000e+00  -6.0000000e+00  -7.2354537e-03
   6.2100000e+01   9.0000000e+00   9.0000000e+00   1.0853181e-02
   6.2200000e+01  -1.5000000e+01  -1.5000000e+01  -1.8088634e-02
   6.2300000e+01  -2.5000000e+01  -2.5000000e+01  -3.0147724e-02
   6.2400000e+01   3.1000000e+01   3.1000000e+01   3.7383178e-02
   6.2500000e+01   7.0000000e+00   7.0000000e+00   8.4413627e-03
   6.2600000e+01   2.7000000e+01   2.7000000e+01   3.2559542e-02
   6.2700000e+01  -1.1000000e+01  -1.1000000e+01  -1.3264998e-02
   6.2800000e+01  -2.0000000e+00  -2.0000000e+00  -2.4118179e-03
   6.2900000e+01  -3.0000000e+00  -3.0000000e+00  -3.6177269e-03
   6.3000000e+01  -3.0000000e+01  -3.0000000e+01  -3.6177269e-02
   6.3100000e+01  -1.1000000e+01  -1.1000000e+01  -1.3264998e-02
   6.3200000e+01  -3.0000000e+01  -3.0000000e+01  -3.6177269e-02
   6.3300000e+01  -2.1000000e+01  -2.1000000e+01  -2.5324088e-02
   6.3400000e+01   2.0000000e+00   2.0000000e+00   2.4118179e-03
   6.3500000e+01  -1.9000000e+01  -1.9000000e+01  -2.2912270e-02
   6.3600000e+01   2.0000000e+00   2.0000000e+00   2.4118179e-03
   6.3700000e+01   1.0000000e+00   1.0000000e+00   1.2059090e-03
   6.3800000e+01  -1.5000000e+01  -1.5000000e+01  -1.8088634e-02
   6.3900000e+01  -4.0000000e+00  -4.0000000e+00  -4.8236358e-03
   6.4000000e+01  -2.9000000e+01  -2.9000000e+01  -3.4971360e-02
   6.4100000e+01   1.7000000e+01   1.7000000e+01   2.0500452e-02
   6.4200000e+01   2.7000000e+01   2.7000000e+01   3.2559542e-02
   6.4300000e+01  -7.0000000e+00  -7.0000000e+00  -8.4413627e-03
   6.4400000e+01   2.0000000e+00   2.0000000e+00   2.4118179e-03
   6.4500000e+01  -5.0000000e+00  -5.0000000e+00  -6.0295448e-03
   6.4600000e+01   8.0000000e+00   8.0000000e+00   9.6472716e-03
   6.4700000e+01   1.9000000e+01   1.9000000e+01   2.2912270e-02
   6.4800000e+01   6.0000000e+00   6.0000000e+00   7.2354537e-03
   6.4900000e+01  -4.0000000e+00  -4.0000000e+00  -4.8236358e-03
   6.5000000e+01  -2.0000000e+00  -2.0000000e+00  -2.4118179e-03
   6.5100000e+01   3.0000000e+01   3.0000000e+01   3.6177269e-02
   6.5200000e+01   3.0000000e+00   3.0000000e+00   3.6177269e-03
   6.5300000e+01   1.5000000e+01   1.5000000e+01   1.8088634e-02
   6.5400000e+01   1.9000000e+01   1.9000000e+01   2.2912270e-02
   6.5500000e+01   1.9000000e+01   1.9000000e+01   2.2912270e-02
   6.5600000e+01   6.0000000e+00   6.0000000e+00   7.2354537e-03
   6.5700000e+01  -3.0000000e+00  -3.0000000e+00  -3.6177269e-03
   6.5800000e+01  -1.6000000e+01  -1.6000000e+01  -1.9294543e-02
   6.5900000e+01  -1.3000000e+01  -1.3000000e+01  -1.5676816e-02
   6.6000000e+01   1.1000000e+01   1.1000000e+01   1.3264998e-02
   6.6100000e+01  -1.0000000e+00  -1.0000000e+00  -1.2059090e-03
   6.6200000e+01   2.7000000e+01   2.7000000e+01   3.2559542e-02
   6.6300000e+01   1.2000000e+01   1.2000000e+01   1.4470907e-02
   6.6400000e+01  -3.0000000e+00  -3.0000000e+00  -3.6177269e-03
   6.6500000e+01   1.3000000e+01   1.3000000e+01   1.5676816e-02
   6.6600000e+01  -6.0000000e+00  -6.0000000e+00  -7.2354537e-03
   6.6700000e+01   2.5000000e+01   2.5000000e+01   3.0147724e-02
   6.6800000e+01   2.3000000e+01   2.3000000e+01   2.7735906e-02
   6.6900000e+01   1.0000000e+00   1.0000000e+00   1.2059090e-03
   6.7000000e+01  -3.0000000e+00  -3.0000000e+00  -3.6177269e-03
   6.7100000e+01  -1.9000000e+01  -1.9000000e+01  -2.2912270e-02
   6.7200000e+01  -1.2000000e+01  -1.2000000e+01  -1.4470907e-02
   6.7300000e+01   2.0000000e+00   2.0000000e+00   2.4118179e-03
   6.7400000e+01   1.0000000e+00   1.0000000e+00   1.2059090e-03
   6.7500000e+01  -1.0000000e+01  -1.0000000e+01  -1.2059090e-02
   6.7600000e+01   6.0000000e+00   6.0000000e+00   7.2354537e-03
   6.7700000e+01   1.0000000e+00   1.0000000e+00   1.2059090e-03
   6.7800000e+01  -1.9000000e+01  -1.9000000e+01  -2.2912270e-02
   6.7900000e+01  -1.7000000e+01  -1.7000000e+01  -2.0500452e-02
   6.8000000e+01   1.0000000e+00   1.0000000e+00   1.2059090e-03
   6.8100000e+01  -6.0000000e+00  -6.0000000e+00  -7.2354537e-03
   6.8200000e+01   1.6000000e+01   1.6000000e+01   1.9294543e-02
   6.8300000e+01   1.6000000e+01   1.6000000e+01   1.9294543e-02
   6.8400000e+01   2.9000000e+01   2.9000000e+01   3.4971360e-02
   6.8500000e+01   5.0000000e+00   5.0000000e+00   6.0295448e-03
   6.8600000e+01   1.1000000e+01   1.1000000e+01   1.3264998e-02
   6.8700000e+01  -1.7000000e+01  -1.7000000e+01  -2.0500452e-02
   6.8800000e+01   1.6000000e+01   1.6000000e+01   1.9294543e-02
   6.8900000e+01   2.0000000e+01   2.0000000e+01   2.4118179e-02
   6.9000000e+01  -3.7000000e+01  -3.7000000e+01  -4.4618631e-02
   6.9100000e+01   5.0000000e+00   5.0000000e+00   6.0295448e-03
   6.9200000e+01  -1.4000000e+01  -1.4000000e+01  -1.6882725e-02
   6.9300000e+01   3.0000000e+00   3.0000000e+00   3.6177269e-03
   6.9400000e+01  -1.8000000e+01  -1.8000000e+01  -2.1706361e-02
   6.9500000e+01   8.0000000e+00   8.0000000e+00   9.6472716e-03
   6.9600000e+01   2.2000000e+01   2.2000000e+01   2.6529997e-02
   6.9700000e+01   1.1000000e+01   1.1000000e+01   1.3264998e-02
   6.9800000e+01   1.3000000e+01   1.3000000e+01   1.5676816e-02
   6.9900000e+01  -2.6000000e+01  -2.6000000e+01  -3.1353633e-02
   7.0000000e+01  -2.1000000e+01  -2.1000000e+01  -2.5324088e-02
   7.0100000e+01  -1.0000000e+00  -1.0000000e+00  -1.2059090e-03
   7.0200000e+01  -1.6000000e+01  -1.6000000e+01  -1.9294543e-02
   7.0300000e+01  -2.0000000e+00  -2.0000000e+00  -2.4118179e-03
   7.0400000e+01   2.0000000e+00   2.0000000e+00   2.4118179e-03
   7.0500000e+01  -3.0000000e+00  -3.0000000e+00  -3.6177269e-03
   7.0600000e+01  -2.6000000e+01  -2.6000000e+01  -3.1353633e-02
   7.0700000e+01  -3.0000000e+00  -3.0000000e+00  -3.6177269e-03
   7.0800000e+01   1.7000000e+01   1.7000000e+01   2.0500452e-02
   7.0900000e+01  -8.0000000e+00  -8.0000000e+00  -9.6472716e-03
   7.1000000e+01  -6.0000000e+00  -6.0000000e+00  -7.2354537e-03
   7.1100000e+01   1.4000000e+01   1.4000000e+01   1.6882725e-02
   7.1200000e+01   1.0000000e+00   1.0000000e+00   1.2059090e-03
   7.1300000e+01  -1.6000000e+01  -1.6000000e+01  -1.9294543e-02
   7.1400000e+01  -4.0000000e+00  -4.0000000e+00  -4.8236358e-03
   7.1500000e+01  -6.0000000e+00  -6.0000000e+00  -7.2354537e-03
   7.1600000e+01   1.0000000e+00   1.0000000e+00   1.2059090e-03
   7.1700000e+01  -1.1000000e+01  -1.1000000e+01  -1.3264998e-02
   7.1800000e+01   1.1000000e+01   1.1000000e+01   1.3264998e-02
   7.1900000e+01   8.0000000e+00   8.0000000e+00   9.6472716e-03
   7.2000000e+01  -1.1000000e+01  -1.1000000e+01  -1.3264998e-02
   7.2100000e+01  -7.0000000e+00  -7.0000000e+00  -8.4413627e-03
   7.2200000e+01   1.5000000e+01   1.5000000e+01   1.8088634e-02
   7.2300000e+01   1.3000000e+01   1.3000000e+01   1.5676816e-02
   7.2400000e+01   1.0000000e+01   1.0000000e+01   1.2059090e-02
   7.2500000e+01  -3.4000000e+01  -3.4000000e+01  -4.1000904e-02
   7.2600000e+01   2.0000000e+01   2.0000000e+01   2.4118179e-02
   7.2700000e+01  -5.0000000e+00  -5.0000000e+00  -6.0295448e-03
   7.2800000e+01  -2.2000000e+01  -2.2000000e+01  -2.6529997e-02
   7.2900000e+01  -1.6000000e+01  -1.6000000e+01  -1.9294543e-02
   7.3000000e+01  -1.3000000e+01  -1.3000000e+01  -1.5676816e-02
   7.3100000e+01  -1.5000000e+01  -1.5000000e+01  -1.8088634e-02
   7.3200000e+01   1.0000000e+01   1.0000000e+01   1.2059090e-02
   7.3300000e+01  -1.5000000e+01  -1.5000000e+01  -1.8088634e-02
   7.3400000e+01  -1.6000000e+01  -1.6000000e+01  -1.9294543e-02
   7.3500000e+01   3.9000000e+01   3.9000000e+01   4.7030449e-02
   7.3600000e+01   1.1000000e+01   1.1000000e+01   1.3264998e-02
   7.3700000e+01   2.2000000e+01   2.2000000e+01   2.6529997e-02
   7.3800000e+01   7.0000000e+00   7.0000000e+00   8.4413627e-03
   7.3900000e+01   9.0000000e+00   9.0000000e+00   1.0853181e-02
   7.4000000e+01   2.0000000e+01   2.0000000e+01   2.4118179e-02
   7.4100000e+01   4.0000000e+00   4.0000000e+00   4.8236358e-03
   7.4200000e+01  -2.8000000e+01  -2.8000000e+01  -3.3765451e-02
   7.4300000e+01   1.5000000e+01   1.5000000e+01   1.8088634e-02
   7.4400000e+01  -2.0000000e+00  -2.0000000e+00  -2.4118179e-03
   7.4500000e+01   2.9000000e+01   2.9000000e+01   3.4971360e-02
   7.4600000e+01   2.1000000e+01   2.1000000e+01   2.5324088e-02
   7.4700000e+01   2.3000000e+01   2.3000000e+01   2.7735906e-02
   7.4800000e+01  -2.0000000e+00  -2.0000000e+00  -2.4118179e-03
   7.4900000e+01   9.0000000e+00   9.0000000e+00   1.0853181e-02
   7.5000000e+01   1.9000000e+01   1.9000000e+01   2.2912270e-02
   7.5100000e+01  -1.1000000e+01  -1.1000000e+01  -1.3264998e-02
   7.5200000e+01  -1.8000000e+01  -1.8000000e+01  -2.1706361e-02
   7.5300000e+01   9.0000000e+00   9.0000000e+00   1.0853181e-02
   7.5400000e+01   1.4000000e+01   1.4000000e+01   1.6882725e-02
   7.5500000e+01   9.0000000e+00   9.0000000e+00   1.0853181e-02
   7.5600000e+01   5.0000000e+00   5.0000000e+00   6.0295448e-03
   7.5700000e+01   0.0000000e+00   0.0000000e+00   0.0000000e+00
   7.5800000e+01   2.1000000e+01   2.1000000e+01   2.5324088e-02
   7.5900000e+01   9.0000000e+00   9.0000000e+00   1.0853181e-02
   7.6000000e+01  -2.4000000e+01  -2.4000000e+01  -2.8941815e-02
   7.6100000e+01   3.0000000e+00   3.0000000e+00   3.6177269e-03
   7.6200000e+01   3.8000000e+01   3.8000000e+01   4.5824540e-02
   7.6300000e+01  -1.9000000e+01  -1.9000000e+01  -2.2912270e-02
   7.6400000e+01   0.0000000e+00   0.0000000e+00   0.0000000e+00
   7.6500000e+01   2.2000000e+01   2.2000000e+01   2.6529997e-02
   7.6600000e+01  -1.0000000e+01  -1.0000000e+01  -1.2059090e-02
   7.6700000e+01   0.0000000e+00   0.0000000e+00   0.0000000e+00
   7.6800000e+01  -2.1000000e+01  -2.1000000e+01  -2.5324088e-02
   7.6900000e+01   1.4000000e+01   1.4000000e+01   1.6882725e-02
   7.7000000e+01   1.2000000e+01   1.2000000e+01   1.4470907e-02
   7.7100000e+01  -1.1000000e+01  -1.1000000e+01  -1.3264998e-02
   7.7200000e+01  -7.0000000e+00  -7.0000000e+00  -8.4413627e-03
   7.7300000e+01  -1.8000000e+01  -1.8000000e+01  -2.1706361e-02
   7.7400000e+01  -1.3000000e+01  -1.3000000e+01  -1.5676816e-02
   7.7500000e+01   4.0000000e+00   4.0000000e+00   4.8236358e-03
   7.7600000e+01   8.0000000e+00   8.0000000e+00   9.6472716e-03
   7.7700000e+01   1.6000000e+01   1.6000000e+01   1.9294543e-02
   7.7800000e+01  -1.5000000e+01  -1.5000000e+01  -1.8088634e-02
   7.7900000e+01  -3.6000000e+01  -3.6000000e+01  -4.3412722e-02
   7.8000000e+01   3.0000000e+00   3.0000000e+00   3.6177269e-03
   7.8100000e+01  -7.0000000e+00  -7.0000000e+00  -8.4413627e-03
   7.8200000e+01  -3.2000000e+01  -3.2000000e+01  -3.8589087e-02
   7.8300000e+01   7.0000000e+00   7.0000000e+00   8.4413627e-03
   7.8400000e+01   2.0000000e+00   2.0000000e+00   2.4118179e-03
   7.8500000e+01  -2.9000000e+01  -2.9000000e+01  -3.4971360e-02
   7.8600000e+01   3.9000000e+01   3.9000000e+01   4.7030449e-02
   7.8700000e+01  -4.0000000e+00  -4.0000000e+00  -4.8236358e-03
   7.8800000e+01  -1.3000000e+01  -1.3000000e+01  -1.5676816e-02
   7.8900000e+01  -4.0000000e+00  -4.0000000e+00  -4.8236358e-03
   7.9000000e+01   9.0000000e+00   9.0000000e+00   1.0853181e-02
   7.9100000e+01   3.8000000e+01   3.8000000e+01   4.5824540e-02
